 -7.5795192e-003 -3.6553745e-002
 -1.0983293e-002 -2.8474048e-002
  1.1511892e-002 -3.0928102e-002
 -5.3282416e-004  5.9445775e-003
 -4.7760927e-003  2.5795599e-002
 -5.3051664e-003  1.6230153e-002
  6.3978530e-003  2.1077920e-002
 -3.2959861e-003  4.5167143e-003
 -5.0660876e-003  6.0222120e-003
  2.3248277e-004 -1.7445078e-002
  5.8359711e-001  4.6634877e-002
  6.0606518e-001 -3.8657847e-002
  6.0384057e-001  3.3297405e-002
  6.0594005e-001  8.1009267e-002
  5.9023430e-001  9.8971687e-002
  5.9180526e-001  1.5421746e-001
  6.0714210e-001  1.4299347e-001
  5.8671635e-001  1.5958676e-001
  6.0352857e-001  2.1340276e-001
  6.1079728e-001  2.8589514e-001
  5.9448010e-001  3.0127137e-001
  5.9388854e-001  2.8773370e-001
  5.8428063e-001  2.8461691e-001
  5.8644315e-001  3.6420512e-001
  5.8566095e-001  4.1405079e-001
  6.0529266e-001  4.1522949e-001
  6.0858205e-001  4.4379481e-001
  6.1249942e-001  4.3879134e-001
  5.8555591e-001  3.9102214e-001
  5.8777874e-001  4.2448927e-001
  5.9713724e-001  4.5795361e-001
  6.1071964e-001  4.3261112e-001
  5.9788945e-001  4.7249666e-001
  5.8909033e-001  4.4170633e-001
  5.8414553e-001  5.0003466e-001
  6.0210021e-001  5.1604786e-001
  5.9469146e-001  4.5497414e-001
  5.8922635e-001  5.1288632e-001
  5.8404174e-001  5.1681198e-001
  5.9659520e-001  4.9266206e-001
  5.9971467e-001  4.8305944e-001
  6.0448665e-001  4.7006628e-001
  6.1171491e-001  5.0473850e-001
  5.9768293e-001  4.8954404e-001
  5.9381143e-001  5.2400425e-001
  6.0525286e-001  4.6778931e-001
  5.9542078e-001  4.6500481e-001
  6.0116952e-001  5.5576435e-001
  6.0763533e-001  4.9637748e-001
  5.8563333e-001  5.1099657e-001
  5.9774982e-001  5.0623749e-001
  6.0705677e-001  4.9156326e-001
  5.9400567e-001  5.5941058e-001
  5.8666271e-001  5.3962967e-001
  6.0440701e-001  4.8220611e-001
  5.8556091e-001  5.4350048e-001
  6.0541634e-001  5.5408241e-001
  6.0370631e-001  4.7104044e-001
  6.0893902e-001  5.5952520e-001
  6.0798468e-001  5.3792145e-001
  5.9243629e-001  5.5879214e-001
  5.8563716e-001  5.2679498e-001
  6.0339147e-001  5.4632339e-001
  5.8514792e-001  4.9085268e-001
  5.9791209e-001  5.6692438e-001
  5.9572303e-001  4.7353081e-001
  5.9107525e-001  4.8006750e-001
  6.0354233e-001  5.2784368e-001
  5.9969977e-001  4.7441938e-001
  5.9769174e-001  5.3042104e-001
  5.8413735e-001  5.5894073e-001
  6.0998633e-001  5.6174811e-001
  5.9094151e-001  5.3178898e-001
  6.0334262e-001  5.6259814e-001
  5.8408457e-001  5.4573299e-001
  5.9232880e-001  5.4075439e-001
  5.8321907e-001  5.4742949e-001
  5.8588800e-001  5.5087016e-001
  5.8904411e-001  5.5316919e-001
 -3.7687151e-001  5.3744949e-001
 -3.8403597e-001  5.2735051e-001
 -3.9367159e-001  4.6797559e-001
 -3.7485157e-001  3.7993469e-001
 -4.0272053e-001  2.1754696e-001
 -3.8927433e-001  1.3000991e-001
 -3.8049782e-001  1.4380975e-002
 -3.8274353e-001 -5.4892705e-002
 -3.8672637e-001 -1.6131783e-001
 -4.0127114e-001 -3.3965228e-001
 -3.8825213e-001 -3.7427092e-001
 -3.7800433e-001 -5.1899768e-001
 -3.9699391e-001 -5.9930641e-001
 -3.9278278e-001 -6.2448035e-001
 -3.9701208e-001 -6.8785815e-001
 -3.9199818e-001 -7.5042432e-001
 -3.8453846e-001 -8.7734093e-001
 -3.7695798e-001 -9.2873432e-001
 -3.9928467e-001 -8.9971825e-001
 -3.7770531e-001 -9.7955001e-001
 -3.8407994e-001 -9.5874353e-001
 -3.8301492e-001 -1.0012422e+000
 -3.9291215e-001 -1.0716158e+000
 -3.7992358e-001 -1.1083383e+000
 -3.8595627e-001 -1.1087710e+000
 -3.7970280e-001 -1.1304066e+000
 -4.0210503e-001 -1.0968802e+000
 -4.0387328e-001 -1.1744451e+000
 -4.0432871e-001 -1.1866524e+000
 -3.8047061e-001 -1.1520972e+000
 -4.0173899e-001 -1.1830419e+000
 -3.9460347e-001 -1.2285814e+000
 -3.9231972e-001 -1.1978672e+000
 -3.7489929e-001 -1.1668238e+000
 -3.7519872e-001 -1.2116081e+000
 -3.9808582e-001 -1.1656198e+000
 -3.9354880e-001 -1.2411853e+000
 -3.9889299e-001 -1.1734068e+000
 -3.9928259e-001 -1.2218057e+000
 -3.8610878e-001 -1.1861479e+000
 -3.7635094e-001 -1.2006865e+000
 -3.9987336e-001 -1.1977152e+000
 -3.7925165e-001 -1.2397655e+000
 -3.8242948e-001 -1.2174387e+000
 -3.9311824e-001 -1.2041063e+000
 -3.9683348e-001 -1.2055078e+000
 -3.8112517e-001 -1.2863232e+000
 -3.9492855e-001 -1.2784324e+000
 -3.9328475e-001 -1.2030230e+000
 -3.7609823e-001 -1.2849414e+000
 -3.9145779e-001 -1.2897922e+000
 -3.8979373e-001 -1.2731022e+000
 -4.0289129e-001 -1.2846080e+000
 -3.9537615e-001 -1.2213156e+000
 -4.0080943e-001 -1.2738794e+000
 -4.0405864e-001 -1.2125938e+000
 -4.0060525e-001 -1.2419319e+000
 -3.9564347e-001 -1.2187457e+000
 -3.9766855e-001 -1.2386653e+000
 -3.8525212e-001 -1.2929496e+000
 -3.9329721e-001 -1.2640465e+000
 -3.8229000e-001 -1.2817088e+000
 -3.9942505e-001 -1.2320109e+000
 -3.8039395e-001 -1.2339556e+000
 -4.0414343e-001 -1.2261588e+000
 -3.8680732e-001 -1.2883429e+000
 -3.9564702e-001 -1.2021125e+000
 -3.9984146e-001 -1.2304374e+000
 -4.0410341e-001 -1.2154929e+000
 -2.3733105e-001 -1.2393910e+000
 -2.4052316e-001 -1.2568942e+000
 -2.3896715e-001 -1.1920543e+000
 -2.3275406e-001 -1.1509615e+000
 -2.5279899e-001 -1.2044590e+000
 -2.5382207e-001 -1.1065937e+000
 -2.3553855e-001 -1.0908110e+000
 -2.4964744e-001 -1.0330658e+000
 -2.4773369e-001 -9.9935218e-001
 -2.4019113e-001 -1.0086388e+000
 -2.5753364e-001 -9.1755752e-001
 -2.4953669e-001 -9.2312298e-001
 -2.5502563e-001 -9.0152813e-001
 -2.5692137e-001 -9.0788572e-001
 -2.3404766e-001 -8.2789999e-001
 -2.4479695e-001 -8.3478362e-001
 -2.5279542e-001 -8.2623428e-001
 -2.5835989e-001 -7.4953363e-001
 -2.4112190e-001 -7.4841240e-001
 -2.3327303e-001 -7.7135529e-001
 -2.6050752e-001 -7.5238960e-001
 -2.4073583e-001 -7.7641985e-001
 -2.3601942e-001 -7.1977425e-001
 -2.3980208e-001 -7.1172951e-001
 -2.3303924e-001 -7.1351138e-001
 -2.3382059e-001 -6.6684589e-001
 -2.5689426e-001 -7.0670146e-001
 -2.4073378e-001 -6.7794594e-001
 -2.4440892e-001 -6.7364433e-001
 -2.5096219e-001 -6.4487187e-001
 -2.4692098e-001 -6.9316407e-001
 -2.3709252e-001 -6.9916754e-001
 -2.5545478e-001 -7.2568368e-001
 -2.3335437e-001 -7.2959291e-001
 -2.4285410e-001 -6.9749613e-001
 -2.4477825e-001 -6.6869400e-001
 -2.4874099e-001 -6.7603388e-001
 -2.4407320e-001 -7.2155591e-001
 -2.5282363e-001 -6.3353907e-001
 -2.3595108e-001 -7.2636658e-001
 -2.5202728e-001 -6.6287718e-001
 -2.5270869e-001 -6.3234858e-001
 -2.3929260e-001 -6.7410562e-001
 -2.5428726e-001 -6.4763026e-001
 -2.5814590e-001 -6.6940730e-001
 -2.4472168e-001 -7.0039725e-001
 -2.5806290e-001 -6.8673382e-001
 -2.4612791e-001 -6.8300894e-001
 -2.4580238e-001 -6.4594882e-001
 -2.5407511e-001 -7.0189401e-001
 -2.4447547e-001 -6.9659720e-001
 -2.5501840e-001 -6.3115370e-001
 -2.5363002e-001 -6.5541595e-001
 -2.4508139e-001 -6.4523701e-001
 -2.4855082e-001 -7.0751155e-001
 -2.3672508e-001 -6.6981298e-001
 -2.6095388e-001 -6.9857342e-001
 -2.5619405e-001 -6.8433256e-001
 -2.6142157e-001 -6.2799561e-001
 -2.4518250e-001 -6.6164106e-001
 -2.6044641e-001 -7.0543394e-001
 -2.5197550e-001 -6.7623757e-001
 -2.4830708e-001 -6.8938668e-001
 -2.3580547e-001 -6.8635066e-001
 -2.4137393e-001 -6.4405936e-001
 -2.5510841e-001 -6.5253558e-001
 -2.4740093e-001 -6.9901582e-001
 -2.4235503e-001 -6.2369249e-001
 -2.5586314e-001 -7.0087129e-001
 -9.4610873e-001 -6.7743791e-001
 -9.4782830e-001 -6.7485490e-001
 -9.7198639e-001 -8.4819324e-001
 -9.4730449e-001 -9.7589305e-001
 -9.6306833e-001 -1.2551746e+000
 -9.6835974e-001 -1.6003849e+000
 -9.7467716e-001 -1.8311335e+000
 -9.5716605e-001 -2.1456635e+000
 -9.4795944e-001 -2.4734476e+000
 -9.5609038e-001 -2.6723071e+000
 -9.5666596e-001 -2.9747331e+000
 -9.6886123e-001 -3.1742678e+000
 -9.5889943e-001 -3.3735699e+000
 -9.6137154e-001 -3.5754788e+000
 -9.5791433e-001 -3.7058636e+000
 -9.5965606e-001 -3.8704815e+000
 -9.5311149e-001 -4.0298217e+000
 -9.5691526e-001 -4.1482126e+000
 -9.5822738e-001 -4.2293484e+000
 -9.6570556e-001 -4.2732464e+000
 -9.5807727e-001 -4.3412620e+000
 -9.7404397e-001 -4.4190057e+000
 -9.7098518e-001 -4.4778567e+000
 -9.5906375e-001 -4.5189504e+000
 -9.4951219e-001 -4.6378173e+000
 -9.7042273e-001 -4.6960672e+000
 -9.6237924e-001 -4.7194662e+000
 -9.6930121e-001 -4.6764588e+000
 -9.5444711e-001 -4.7116601e+000
 -9.6789171e-001 -4.7647733e+000
 -9.7293928e-001 -4.7507364e+000
 -9.7268090e-001 -4.8105215e+000
 -9.4583543e-001 -4.8468239e+000
 -9.4599233e-001 -4.8676997e+000
 -9.4894962e-001 -4.8462408e+000
 -9.5264567e-001 -4.8577554e+000
 -9.7191343e-001 -4.8982173e+000
 -9.4822621e-001 -4.8986930e+000
 -9.6232827e-001 -4.8823822e+000
 -9.5066987e-001 -4.9236103e+000
 -9.7276819e-001 -4.9497289e+000
 -9.6658327e-001 -4.9329414e+000
 -9.6523799e-001 -4.8950044e+000
 -9.6773191e-001 -4.8830853e+000
 -9.5250460e-001 -4.9730173e+000
 -9.5999333e-001 -4.8941904e+000
 -9.6703637e-001 -4.9065820e+000
 -9.6138968e-001 -4.9150247e+000
 -9.5452443e-001 -4.9627482e+000
 -9.6410679e-001 -4.9237043e+000
 -9.5501480e-001 -4.9847290e+000
 -9.6301456e-001 -4.8976213e+000
 -9.7527311e-001 -4.9069818e+000
 -9.4709146e-001 -4.9134061e+000
 -9.5054828e-001 -4.9339570e+000
 -9.4937963e-001 -4.9312925e+000
 -9.4960483e-001 -4.9541873e+000
 -9.5983118e-001 -4.9178466e+000
 -9.5581077e-001 -4.9394877e+000
 -9.7182767e-001 -4.9137052e+000
 -9.5413408e-001 -4.9960759e+000
 -9.5196823e-001 -4.9369902e+000
 -9.6079121e-001 -4.9064885e+000
 -9.4872531e-001 -4.9948632e+000
 -9.7081052e-001 -4.9873006e+000
 -9.5270542e-001 -4.9386293e+000
 -9.6968593e-001 -4.9798433e+000
 -9.5472359e-001 -4.9287134e+000
 -9.4649611e-001 -4.9759544e+000
  1.7658035e-001 -4.9633872e+000
  2.0162240e-001 -4.9567101e+000
  1.7706059e-001 -4.8392066e+000
  1.8966509e-001 -4.5060208e+000
  1.8506571e-001 -4.1935368e+000
  1.8138730e-001 -3.8045297e+000
  1.9757919e-001 -3.5062082e+000
  1.9129273e-001 -3.1793467e+000
  1.8316206e-001 -2.7885241e+000
  1.7716263e-001 -2.4725594e+000
  1.9017419e-001 -2.1507619e+000
  1.8473997e-001 -1.8922578e+000
  1.9723790e-001 -1.6142531e+000
  1.7681914e-001 -1.4215838e+000
  1.9058261e-001 -1.2361875e+000
  1.9495846e-001 -1.0497816e+000
  1.9725515e-001 -8.5656297e-001
  1.8720639e-001 -7.9968278e-001
  1.8187576e-001 -6.5489963e-001
  1.8019696e-001 -5.3964487e-001
  1.8401282e-001 -4.0622621e-001
  1.8640248e-001 -3.1170627e-001
  1.8447010e-001 -2.9077626e-001
  1.8210517e-001 -2.2291885e-001
  1.9207830e-001 -9.2133447e-002
  1.9393770e-001 -4.0585770e-002
  1.8866894e-001 -8.0673783e-002
  1.8347779e-001  4.5083949e-002
  1.9313304e-001  6.4427729e-002
  2.0117615e-001  7.4326876e-002
  2.0067597e-001  6.8584995e-002
  1.9938391e-001  1.3709458e-001
  1.9803516e-001  8.7821545e-002
  1.9036519e-001  1.7749998e-001
  1.7475260e-001  2.1277008e-001
  1.8628708e-001  1.8495895e-001
  2.0083393e-001  2.1113975e-001
  1.7498434e-001  2.1223567e-001
  1.7780732e-001  2.5158620e-001
  1.8018408e-001  2.0247730e-001
  1.9368396e-001  1.8102722e-001
  1.8877145e-001  2.2889425e-001
  1.8119089e-001  2.1508095e-001
  1.9024728e-001  2.4121953e-001
  1.9488905e-001  2.5401687e-001
  1.9677238e-001  2.6338158e-001
  1.9899412e-001  2.7772796e-001
  2.0205802e-001  2.1224141e-001
  2.0018380e-001  2.2314924e-001
  1.9020107e-001  2.7908882e-001
  1.7971946e-001  3.0380469e-001
  1.9081294e-001  2.4164326e-001
  2.0127549e-001  2.6306284e-001
  1.9093706e-001  3.1997611e-001
  1.8392095e-001  2.4001336e-001
  1.9145091e-001  2.9487888e-001
  1.8923767e-001  2.2715822e-001
  1.8122188e-001  2.4058436e-001
  2.0436306e-001  2.9134202e-001
  2.0419643e-001  2.8684383e-001
  1.9937095e-001  2.9249877e-001
  1.9759137e-001  2.7198421e-001
  1.9866544e-001  2.4711608e-001
  1.9356590e-001  2.4845621e-001
  1.7869052e-001  2.6285558e-001
  2.0178910e-001  2.9869992e-001
  1.8253641e-001  2.3857957e-001
  2.0421048e-001  2.8611633e-001
  1.8820860e-001  3.1237785e-001
  5.4366970e-002  2.3477665e-001
  5.5113464e-002  2.3592654e-001
  3.6921737e-002  2.3486821e-001
  3.6586419e-002  2.1809339e-001
  4.3621691e-002  2.3091670e-001
  3.7526351e-002  2.1288426e-001
  5.4264879e-002  2.6850285e-001
  4.5720678e-002  2.0153008e-001
  5.2220458e-002  2.1435471e-001
  3.5398101e-002  1.8954789e-001
  3.7546495e-002  2.0112587e-001
  5.7823485e-002  2.1544512e-001
  3.6811456e-002  1.3048136e-001
  5.0754236e-002  1.6231993e-001
  4.0553947e-002  1.7077545e-001
  5.8186769e-002  1.2181497e-001
  5.3170335e-002  1.5717668e-001
  6.2172884e-002  1.4214534e-001
  5.9937704e-002  1.6462271e-001
  5.5354635e-002  1.1211677e-001
  5.3943212e-002  9.5715020e-002
  6.4959194e-002  1.5826819e-001
  5.2655114e-002  9.3956222e-002
  4.9995055e-002  1.5855295e-001
  5.5160209e-002  1.5394978e-001
  5.9582335e-002  1.3057091e-001
  3.9718155e-002  6.8844905e-002
  3.8492155e-002  1.3303104e-001
  6.4739265e-002  1.4836103e-001
  6.0078626e-002  8.9515890e-002
  5.6979953e-002  5.9515106e-002
  4.0723647e-002  1.0269254e-001
  3.7442774e-002  1.1063512e-001
  3.7851439e-002  1.2533701e-001
  5.9023860e-002  5.1500827e-002
  4.4552609e-002  8.1991572e-002
  5.5193327e-002  1.3317583e-001
  5.9155252e-002  1.1344925e-001
  5.3816566e-002  1.0091516e-001
  5.2170594e-002  1.3766097e-001
  6.0358154e-002  7.4077237e-002
  4.8958574e-002  1.2315225e-001
  4.0687704e-002  8.2249269e-002
  3.5606886e-002  1.3737480e-001
  6.2565994e-002  6.8506360e-002
  5.5089377e-002  9.9446613e-002
  4.6492484e-002  1.2985514e-001
  5.3866075e-002  1.1048401e-001
  4.0183649e-002  6.7220979e-002
  3.9514781e-002  1.0106944e-001
  3.9259551e-002  7.9606676e-002
  6.4077834e-002  1.4121271e-001
  5.3624465e-002  1.1330243e-001
  4.4904380e-002  4.7835573e-002
  4.3893748e-002  8.6736491e-002
  3.8332518e-002  1.1686967e-001
  5.6433881e-002  5.1433103e-002
  6.1254274e-002  7.0668054e-002
  3.5610653e-002  8.7095998e-002
  5.5575440e-002  1.2942317e-001
  4.0428082e-002  1.2593762e-001
  5.2380945e-002  9.9366772e-002
  5.8024366e-002  1.1983474e-001
  4.0085097e-002  1.0404872e-001
  5.0276307e-002  7.6002318e-002
  3.7378927e-002  4.7321680e-002
  3.9011835e-002  1.1862547e-001
  5.5078011e-002  7.9523181e-002
  4.9848841e-002  5.1868219e-002
 -9.6280790e-001  1.0336914e-001
 -9.6694706e-001  6.6448977e-002
 -9.7325183e-001 -1.8386815e-002
 -9.5670544e-001 -2.8275766e-001
 -9.7733243e-001 -6.4173656e-001
 -9.7262868e-001 -1.0199210e+000
 -9.7273843e-001 -1.2976980e+000
 -9.4994408e-001 -1.6701274e+000
 -9.5647284e-001 -1.9691482e+000
 -9.7291582e-001 -2.3555749e+000
 -9.6808715e-001 -2.5783125e+000
 -9.5699958e-001 -2.8707338e+000
 -9.6416306e-001 -3.0540363e+000
 -9.7697743e-001 -3.2735359e+000
 -9.6753950e-001 -3.5371160e+000
 -9.5422013e-001 -3.6993092e+000
 -9.6530538e-001 -3.7998772e+000
 -9.5541732e-001 -3.9698463e+000
 -9.6490132e-001 -4.0584741e+000
 -9.5718416e-001 -4.1640986e+000
 -9.5056033e-001 -4.3109027e+000
 -9.5441042e-001 -4.3359562e+000
 -9.6387257e-001 -4.3960804e+000
 -9.6455078e-001 -4.4804960e+000
 -9.7758361e-001 -4.6029962e+000
 -9.5199592e-001 -4.6123835e+000
 -9.6480090e-001 -4.6830642e+000
 -9.5636543e-001 -4.6628341e+000
 -9.6692098e-001 -4.7082198e+000
 -9.5427923e-001 -4.7388654e+000
 -9.5957096e-001 -4.7453238e+000
 -9.6146355e-001 -4.8060588e+000
 -9.5921035e-001 -4.8728092e+000
 -9.7359604e-001 -4.8410107e+000
 -9.5726838e-001 -4.8224527e+000
 -9.6322338e-001 -4.8330557e+000
 -9.5568861e-001 -4.8756476e+000
 -9.6645389e-001 -4.8662137e+000
 -9.6285094e-001 -4.9076628e+000
 -9.5599270e-001 -4.9542605e+000
 -9.4809354e-001 -4.8993204e+000
 -9.5276020e-001 -4.9113711e+000
 -9.4783130e-001 -4.9585831e+000
 -9.4855432e-001 -4.9463512e+000
 -9.5943530e-001 -4.9109147e+000
 -9.7022820e-001 -4.9636970e+000
 -9.4895800e-001 -4.9058467e+000
 -9.4907941e-001 -4.9875027e+000
 -9.5786886e-001 -4.9682110e+000
 -9.6545549e-001 -4.9284375e+000
 -9.7490095e-001 -4.9802577e+000
 -9.7458571e-001 -5.0047225e+000
 -9.4888559e-001 -4.9302820e+000
 -9.4991577e-001 -4.9499535e+000
 -9.5222338e-001 -4.9214639e+000
 -9.7728187e-001 -4.9955607e+000
 -9.6317190e-001 -4.9584729e+000
 -9.6082386e-001 -5.0108849e+000
 -9.5638513e-001 -4.9362874e+000
 -9.6837277e-001 -4.9461389e+000
 -9.5843619e-001 -4.9843567e+000
 -9.6506241e-001 -5.0045877e+000
 -9.5875730e-001 -4.9353466e+000
 -9.7046988e-001 -5.0184205e+000
 -9.5481995e-001 -4.9728420e+000
 -9.6332010e-001 -5.0003865e+000
 -9.6744783e-001 -4.9959884e+000
 -9.7374774e-001 -5.0170964e+000
 -9.5875412e-001 -5.0210910e+000
 -2.2985436e-001 -4.9473177e+000
 -2.4256373e-001 -4.9606140e+000
 -2.2822839e-001 -4.8332365e+000
 -2.4351192e-001 -4.5825270e+000
 -2.4309218e-001 -4.3684544e+000
 -2.2578380e-001 -4.0200149e+000
 -2.2226006e-001 -3.7291654e+000
 -2.3659789e-001 -3.5023377e+000
 -2.2051174e-001 -3.1253892e+000
 -2.3631602e-001 -2.9147261e+000
 -2.2354980e-001 -2.7044733e+000
 -2.3925596e-001 -2.4409270e+000
 -2.2777127e-001 -2.2413432e+000
 -2.3728863e-001 -2.0255027e+000
 -2.2836741e-001 -1.8720313e+000
 -2.2848637e-001 -1.6860285e+000
 -2.2773323e-001 -1.5620491e+000
 -2.1915588e-001 -1.5103274e+000
 -2.2024370e-001 -1.3914704e+000
 -2.2547106e-001 -1.3135223e+000
 -2.1564144e-001 -1.2116775e+000
 -2.2394927e-001 -1.1695688e+000
 -2.4090733e-001 -1.0362133e+000
 -2.4139695e-001 -9.5643202e-001
 -2.1978864e-001 -9.3698130e-001
 -2.3086723e-001 -9.3235616e-001
 -2.3651564e-001 -8.9174496e-001
 -2.2098852e-001 -8.0962035e-001
 -2.2666725e-001 -8.4353906e-001
 -2.2375957e-001 -8.1038885e-001
 -2.3928356e-001 -7.7661553e-001
 -2.2494730e-001 -7.3563566e-001
 -2.2728033e-001 -7.5058716e-001
 -2.1557883e-001 -7.6297325e-001
 -2.4358433e-001 -6.6987541e-001
 -2.4108400e-001 -7.3768278e-001
 -2.2408622e-001 -7.0821307e-001
 -2.2983735e-001 -6.6607428e-001
 -2.3307069e-001 -6.9093920e-001
 -2.2873749e-001 -6.0851174e-001
 -2.3631561e-001 -6.4825328e-001
 -2.3444320e-001 -6.8833254e-001
 -2.4115615e-001 -5.9457035e-001
 -2.1654039e-001 -6.5453431e-001
 -2.2656166e-001 -6.3266039e-001
 -2.3967509e-001 -6.2208766e-001
 -2.2863920e-001 -5.8567684e-001
 -2.2901994e-001 -6.0325279e-001
 -2.3076104e-001 -6.1040709e-001
 -2.3166927e-001 -6.6663012e-001
 -2.3015375e-001 -6.1253354e-001
 -2.2098203e-001 -6.1330963e-001
 -2.3016929e-001 -5.8676463e-001
 -2.4353982e-001 -6.4539763e-001
 -2.3608069e-001 -6.1322093e-001
 -2.2894880e-001 -5.8686456e-001
 -2.2486813e-001 -6.5660956e-001
 -2.3523310e-001 -6.3300186e-001
 -2.3371760e-001 -6.1615055e-001
 -2.4019993e-001 -5.9109007e-001
 -2.2051951e-001 -6.4894207e-001
 -2.2947069e-001 -5.6473542e-001
 -2.2545953e-001 -6.4744671e-001
 -2.2704141e-001 -6.1984223e-001
 -2.2289565e-001 -6.2410912e-001
 -2.2801058e-001 -6.2958452e-001
 -2.3924892e-001 -5.9695542e-001
 -2.3230516e-001 -5.8198071e-001
 -2.3745592e-001 -6.3215521e-001
 -3.2268293e-001 -6.1777984e-001
 -3.1685136e-001 -5.6656499e-001
 -3.1625196e-001 -6.6134415e-001
 -3.1824074e-001 -5.8945988e-001
 -2.9882301e-001 -6.9473887e-001
 -3.0555541e-001 -6.4364860e-001
 -3.0239525e-001 -6.8665308e-001
 -3.0769704e-001 -7.5875396e-001
 -3.1227783e-001 -6.8867687e-001
 -3.0884782e-001 -7.9016129e-001
 -3.1366939e-001 -7.8259038e-001
 -3.0438826e-001 -7.3779527e-001
 -2.9581985e-001 -8.3823351e-001
 -3.0440265e-001 -7.8607426e-001
 -3.0492814e-001 -8.3901695e-001
 -3.0165401e-001 -8.5827558e-001
 -3.0610002e-001 -8.1374757e-001
 -2.9699710e-001 -8.5374108e-001
 -3.0422052e-001 -8.6039073e-001
 -3.1574712e-001 -8.5106582e-001
 -3.2018553e-001 -8.6230685e-001
 -2.9597453e-001 -8.5858695e-001
 -3.2267648e-001 -8.7262474e-001
 -3.1295751e-001 -9.1163110e-001
 -3.0671769e-001 -8.4613024e-001
 -3.0951958e-001 -9.2749590e-001
 -3.0793311e-001 -9.0940286e-001
 -3.0988250e-001 -9.1046170e-001
 -3.0179242e-001 -8.4763744e-001
 -3.0348634e-001 -8.8914866e-001
 -2.9380475e-001 -9.0530414e-001
 -2.9451071e-001 -8.5003146e-001
 -3.0989643e-001 -8.9383836e-001
 -3.2132703e-001 -8.9398494e-001
 -2.9714988e-001 -8.9611864e-001
 -3.1739862e-001 -8.7761387e-001
 -2.9471566e-001 -9.2353230e-001
 -2.9587072e-001 -8.8800974e-001
 -3.1188091e-001 -8.9458985e-001
 -3.2270078e-001 -8.9312855e-001
 -3.0399651e-001 -8.9699383e-001
 -2.9984667e-001 -8.8669484e-001
 -2.9492554e-001 -8.7959630e-001
 -3.0695024e-001 -8.6140278e-001
 -3.0397650e-001 -9.0903232e-001
 -3.1692144e-001 -8.8909548e-001
 -3.0858676e-001 -9.2565938e-001
 -3.0480995e-001 -8.9962086e-001
 -3.1319261e-001 -8.6461517e-001
 -3.0611735e-001 -9.4464554e-001
 -3.1898785e-001 -8.8163820e-001
 -3.2123059e-001 -9.2579665e-001
 -3.0599413e-001 -9.3811506e-001
 -3.1273647e-001 -9.4065897e-001
 -3.1722616e-001 -8.9368299e-001
 -3.2151486e-001 -8.7975908e-001
 -3.0929897e-001 -8.9463780e-001
 -3.0187346e-001 -9.4194478e-001
 -3.1616967e-001 -9.2683083e-001
 -3.1798264e-001 -8.8745807e-001
 -3.2206018e-001 -8.5617020e-001
 -3.1053091e-001 -8.8066426e-001
 -3.1671553e-001 -9.1061310e-001
 -3.1042270e-001 -9.3589074e-001
 -3.0126469e-001 -9.3585459e-001
 -3.1717505e-001 -8.8556653e-001
 -3.0524202e-001 -9.4761265e-001
 -3.1364643e-001 -9.1209911e-001
 -3.2033520e-001 -8.8267498e-001
 -7.5674113e-001 -8.5586533e-001
 -7.7911348e-001 -9.0902043e-001
 -7.6249729e-001 -1.0061204e+000
 -7.5793893e-001 -1.0717751e+000
 -7.8086801e-001 -1.2977108e+000
 -7.7373747e-001 -1.4292999e+000
 -7.5193762e-001 -1.6307772e+000
 -7.6107052e-001 -1.7470816e+000
 -7.7216484e-001 -1.9280282e+000
 -7.6409387e-001 -2.1093745e+000
 -7.7364776e-001 -2.2238058e+000
 -7.7955771e-001 -2.3722599e+000
 -7.7555887e-001 -2.4658371e+000
 -7.6953759e-001 -2.5773945e+000
 -7.5358979e-001 -2.7215060e+000
 -7.7508567e-001 -2.7636504e+000
 -7.7949590e-001 -2.9172282e+000
 -7.7023888e-001 -2.9958119e+000
 -7.5614000e-001 -2.9878593e+000
 -7.5156716e-001 -3.1027937e+000
 -7.7523580e-001 -3.0718678e+000
 -7.5966327e-001 -3.1246756e+000
 -7.5168066e-001 -3.1711336e+000
 -7.5206837e-001 -3.2301003e+000
 -7.7865052e-001 -3.2056409e+000
 -7.7905980e-001 -3.2774931e+000
 -7.6713124e-001 -3.2696063e+000
 -7.6114920e-001 -3.3200155e+000
 -7.7778659e-001 -3.3436590e+000
 -7.8043392e-001 -3.3874864e+000
 -7.7578768e-001 -3.3725027e+000
 -7.5607322e-001 -3.3628499e+000
 -7.7600654e-001 -3.3746954e+000
 -7.7132122e-001 -3.3522609e+000
 -7.6931918e-001 -3.3708005e+000
 -7.6122948e-001 -3.4249513e+000
 -7.6839999e-001 -3.4053950e+000
 -7.6346578e-001 -3.4023362e+000
 -7.7541998e-001 -3.4663507e+000
 -7.7004372e-001 -3.4192441e+000
 -7.6947189e-001 -3.4324958e+000
 -7.6594668e-001 -3.4619076e+000
 -7.5665772e-001 -3.3957425e+000
 -7.7866298e-001 -3.4866877e+000
 -7.7510989e-001 -3.4511081e+000
 -7.5848847e-001 -3.4026358e+000
 -7.5495808e-001 -3.4796129e+000
 -7.5464559e-001 -3.4627686e+000
 -7.5289876e-001 -3.4534325e+000
 -7.5719188e-001 -3.4958981e+000
 -7.5485849e-001 -3.4786692e+000
 -7.7688695e-001 -3.4020744e+000
 -7.5215428e-001 -3.4895717e+000
 -7.6853719e-001 -3.4469981e+000
 -7.7645198e-001 -3.4460564e+000
 -7.7672519e-001 -3.4458622e+000
 -7.6468720e-001 -3.4123368e+000
 -7.7562241e-001 -3.4666750e+000
 -7.7231763e-001 -3.4108273e+000
 -7.5934787e-001 -3.4620374e+000
 -7.5242634e-001 -3.4283314e+000
 -7.6230901e-001 -3.4054137e+000
 -7.7494007e-001 -3.4612430e+000
 -7.7729928e-001 -3.4448008e+000
 -7.8015387e-001 -3.4915521e+000
 -7.7073789e-001 -3.4071601e+000
 -7.7570410e-001 -3.4129888e+000
 -7.8046329e-001 -3.5037013e+000
 -7.6134792e-001 -3.4425579e+000
  4.4270956e-002 -3.4092369e+000
  5.4581689e-002 -3.4154721e+000
  3.1376566e-002 -3.3167320e+000
  3.9692380e-002 -3.1724413e+000
  4.1839997e-002 -2.9243950e+000
  3.8963400e-002 -2.7497661e+000
  4.6391017e-002 -2.4537723e+000
  4.3185142e-002 -2.2109042e+000
  5.2145420e-002 -2.0066761e+000
  5.0297450e-002 -1.7797112e+000
  5.1061142e-002 -1.5901844e+000
  4.4037870e-002 -1.4471092e+000
  4.3606441e-002 -1.2066718e+000
  4.4596144e-002 -1.0938147e+000
  4.0973006e-002 -9.2688380e-001
  5.6871820e-002 -8.6011022e-001
  4.8956169e-002 -7.5696567e-001
  5.4994669e-002 -6.6725005e-001
  4.8838970e-002 -5.3465022e-001
  3.4137230e-002 -4.9813257e-001
  3.3018409e-002 -4.1025324e-001
  3.8941402e-002 -3.0334289e-001
  3.9602435e-002 -3.2314021e-001
  5.1346095e-002 -2.7080112e-001
  5.2075780e-002 -2.3025121e-001
  4.3107720e-002 -1.9194341e-001
  5.1750144e-002 -1.2906424e-001
  5.4109601e-002 -7.4326141e-002
  5.8374589e-002 -7.9597024e-002
  4.8392183e-002 -8.9841934e-002
  3.0999752e-002 -7.5980293e-002
  3.2777579e-002 -2.1568724e-002
  5.2541577e-002 -1.2675966e-002
  3.8907221e-002 -4.0187751e-002
  5.6443029e-002 -3.8819845e-002
  5.4300818e-002  1.4306931e-002
  3.5502313e-002  4.2373872e-002
  5.5927545e-002 -1.1367474e-002
  3.6962587e-002  8.2907712e-002
  5.3855639e-002  2.1143658e-002
  5.7417560e-002  6.7774451e-002
  3.4648361e-002  1.6181451e-002
  4.0854465e-002  9.9485372e-002
  4.9018238e-002  8.1667328e-002
  4.3799923e-002  8.6796854e-002
  3.2775574e-002  5.5563595e-002
  5.0303021e-002  4.3879162e-002
  3.8002091e-002  4.6569893e-002
  4.9308304e-002  1.0352703e-001
  5.4544529e-002  4.2342561e-002
  4.7877530e-002  6.1524336e-002
  3.1510975e-002  1.1809303e-001
  4.6573771e-002  1.2355610e-001
  5.8189877e-002  6.2936157e-002
  3.9762505e-002  2.7425992e-002
  5.4219838e-002  4.0379603e-002
  3.1854467e-002  8.9513416e-002
  4.6431942e-002  5.7727043e-002
  5.8027394e-002  1.0993431e-001
  4.4555102e-002  4.8660534e-002
  3.9890851e-002  9.8833618e-002
  4.4684072e-002  1.0101173e-001
  4.5487965e-002  9.8071767e-002
  5.7394875e-002  9.4886442e-002
  3.6838618e-002  1.1883314e-001
  4.9120056e-002  3.5562570e-002
  4.7054917e-002  3.3680566e-002
  3.6856223e-002  3.2822841e-002
  3.5064796e-002  7.3163995e-002
  7.5748109e-001  1.0962685e-001
  7.7185763e-001  1.2631216e-001
  7.7574792e-001  9.3865187e-002
  7.6591685e-001  8.8297062e-002
  7.6106786e-001  2.0851133e-001
  7.6098137e-001  2.4145012e-001
  7.5739361e-001  2.3850093e-001
  7.6289169e-001  2.7992779e-001
  7.7332201e-001  3.3489237e-001
  7.6818665e-001  3.9464213e-001
  7.6091785e-001  3.8656569e-001
  7.6708671e-001  4.4026856e-001
  7.7408410e-001  4.1177832e-001
  7.8490399e-001  4.9050723e-001
  7.8575401e-001  4.9236011e-001
  7.5811602e-001  4.7173180e-001
  7.6297235e-001  5.2879063e-001
  7.6428586e-001  5.5226281e-001
  7.8031609e-001  5.5042463e-001
  7.8529171e-001  5.4842807e-001
  7.5602129e-001  5.7766739e-001
  7.7018919e-001  5.9346296e-001
  7.7026723e-001  6.3504548e-001
  7.5989741e-001  5.7070519e-001
  7.6701114e-001  5.9737828e-001
  7.7055504e-001  6.4489003e-001
  7.8012798e-001  6.2087165e-001
  7.7649265e-001  5.9529281e-001
  7.5664624e-001  6.5727653e-001
  7.6001709e-001  6.6809652e-001
  7.7513723e-001  5.8922705e-001
  7.6847029e-001  6.2761842e-001
  7.5825148e-001  6.0019871e-001
  7.8199469e-001  6.8906124e-001
  7.6661413e-001  6.2525095e-001
  7.8198450e-001  6.6182362e-001
  7.6596950e-001  6.4782511e-001
  7.7688049e-001  6.9614264e-001
  7.7537648e-001  6.2267620e-001
  7.7287345e-001  6.7542016e-001
  7.8382561e-001  6.6621474e-001
  7.7369044e-001  6.0470572e-001
  7.6836773e-001  6.0163444e-001
  7.7166707e-001  6.1497044e-001
  7.8236381e-001  6.4448903e-001
  7.6985307e-001  7.0095404e-001
  7.6907879e-001  6.8983333e-001
  7.7383313e-001  6.5947520e-001
  7.5826645e-001  6.6878573e-001
  7.5709146e-001  6.4600276e-001
  7.6484055e-001  6.1902690e-001
  7.7872421e-001  6.8164356e-001
  7.7905657e-001  6.7645819e-001
  7.5870680e-001  6.2645591e-001
  7.6518002e-001  6.4943722e-001
  7.6216099e-001  6.2740446e-001
  7.5637314e-001  7.0171794e-001
  7.7544085e-001  6.1412339e-001
  7.7720072e-001  6.3618578e-001
  7.7942043e-001  6.2312034e-001
  7.8144035e-001  6.6349751e-001
  7.7627189e-001  6.6313454e-001
  7.7659040e-001  6.3201430e-001
  7.8045646e-001  6.1839111e-001
  7.5612044e-001  6.7253293e-001
  7.8242896e-001  6.2856527e-001
  7.6944168e-001  6.0935362e-001
  7.8063292e-001  6.0950153e-001
  7.8086898e-001  7.0132196e-001
  9.5624163e-001  6.4497805e-001
  9.3833201e-001  6.6172499e-001
  9.3275300e-001  6.1463982e-001
  9.3021240e-001  6.3024567e-001
  9.5810974e-001  6.6947666e-001
  9.5202560e-001  7.6498232e-001
  9.5471530e-001  7.2214463e-001
  9.3431805e-001  7.1528511e-001
  9.5112425e-001  7.9026138e-001
  9.5102464e-001  8.2394459e-001
  9.4124955e-001  7.7342875e-001
  9.4715051e-001  8.6250576e-001
  9.4122537e-001  8.3786373e-001
  9.4866589e-001  8.7292631e-001
  9.5093730e-001  8.5787467e-001
  9.4118501e-001  8.6642162e-001
  9.4145591e-001  9.2313670e-001
  9.4055718e-001  8.5238741e-001
  9.5315323e-001  9.1469636e-001
  9.3337369e-001  9.0416893e-001
  9.5009498e-001  8.7970673e-001
  9.5729171e-001  9.3699152e-001
  9.5398735e-001  9.0984525e-001
  9.3630146e-001  8.9345234e-001
  9.4699271e-001  9.6943912e-001
  9.4806655e-001  9.4589977e-001
  9.4631150e-001  9.0690376e-001
  9.4020528e-001  9.4972294e-001
  9.3455722e-001  9.4446147e-001
  9.3803616e-001  9.6509834e-001
  9.5015480e-001  9.6882910e-001
  9.4639785e-001  9.5759680e-001
  9.3956833e-001  9.2551504e-001
  9.5551241e-001  8.9369488e-001
  9.4177997e-001  9.0432475e-001
  9.3662326e-001  9.8734355e-001
  9.3270849e-001  9.1330856e-001
  9.3371895e-001  9.8309255e-001
  9.3824929e-001  9.0081079e-001
  9.5499576e-001  9.8613888e-001
  9.4992572e-001  8.9385199e-001
  9.5831929e-001  9.6078123e-001
  9.5857057e-001  9.1814980e-001
  9.4307243e-001  9.1262677e-001
  9.4553056e-001  9.8365648e-001
  9.3179799e-001  9.2155250e-001
  9.5618414e-001  9.1927265e-001
  9.3973529e-001  9.4352024e-001
  9.4490312e-001  9.5111755e-001
  9.4814156e-001  8.9603651e-001
  9.4795892e-001  8.9939663e-001
  9.3917744e-001  9.9285959e-001
  9.5157566e-001  9.5382140e-001
  9.5342594e-001  9.7651561e-001
  9.5977632e-001  9.2990377e-001
  9.4463599e-001  9.6934898e-001
  9.4605990e-001  9.5494569e-001
  9.5046389e-001  9.7937760e-001
  9.3258472e-001  9.8648157e-001
  9.3332385e-001  9.4534970e-001
  9.4285366e-001  9.7064035e-001
  9.3955968e-001  9.7289719e-001
  9.5583770e-001  9.5557874e-001
  9.4568281e-001  9.6308063e-001
  9.4812247e-001  9.2910010e-001
  9.3619729e-001  9.0097487e-001
  9.5292940e-001  9.5727852e-001
  9.3779313e-001  9.7666653e-001
  9.5071088e-001  9.3802079e-001
  4.6704850e-001  9.0163489e-001
  4.6419459e-001  9.0273492e-001
  4.7014701e-001  8.8936898e-001
  4.7566298e-001  9.0060036e-001
  4.7501149e-001  9.0755820e-001
  4.6907299e-001  8.1481474e-001
  4.7003408e-001  8.2938997e-001
  4.6966453e-001  7.8891281e-001
  4.6800126e-001  7.6719035e-001
  4.5775910e-001  6.8705012e-001
  4.6348040e-001  6.7206618e-001
  4.6112382e-001  6.7510301e-001
  4.4992145e-001  6.3413453e-001
  4.7055211e-001  6.1801729e-001
  4.5037137e-001  5.7674083e-001
  4.5288473e-001  6.2786412e-001
  4.7245170e-001  5.9725020e-001
  4.7330556e-001  5.3904399e-001
  4.5500470e-001  5.4533195e-001
  4.5193711e-001  5.6390387e-001
  4.5060352e-001  4.9139460e-001
  4.5414400e-001  5.2724370e-001
  4.5750364e-001  4.8777139e-001
  4.4881011e-001  4.6424026e-001
  4.7111755e-001  5.0195665e-001
  4.5616466e-001  5.1392023e-001
  4.5686230e-001  4.9692195e-001
  4.5647869e-001  4.8935128e-001
  4.6470004e-001  4.6459458e-001
  4.6260833e-001  4.7866137e-001
  4.7050922e-001  5.1301328e-001
  4.7676362e-001  5.1596999e-001
  4.5164362e-001  4.4520288e-001
  4.7187607e-001  4.8701064e-001
  4.4918377e-001  4.4526382e-001
  4.7745028e-001  4.8234299e-001
  4.6328284e-001  5.0889902e-001
  4.5306830e-001  4.6775568e-001
  4.4954158e-001  4.5974813e-001
  4.5609712e-001  5.1004280e-001
  4.4964578e-001  4.1651622e-001
  4.7182480e-001  4.8213138e-001
  4.5379057e-001  4.7825464e-001
  4.6019635e-001  4.4381172e-001
  4.5098796e-001  4.4160185e-001
  4.7199074e-001  4.3045730e-001
  4.5855847e-001  4.7378508e-001
  4.7527539e-001  5.0566283e-001
  4.5390893e-001  4.9299026e-001
  4.6465204e-001  4.4392988e-001
  4.5288900e-001  4.3799291e-001
  4.5442960e-001  4.3809476e-001
  4.6777547e-001  4.5948239e-001
  4.7690788e-001  4.5644197e-001
  4.7051382e-001  4.9418366e-001
  4.7754122e-001  4.6128887e-001
  4.6638807e-001  4.6586508e-001
  4.6556911e-001  4.3064731e-001
  4.7179443e-001  4.7576370e-001
  4.5937621e-001  4.6715368e-001
  4.7163469e-001  4.3632363e-001
  4.5692241e-001  4.3350805e-001
  4.6460351e-001  4.8726970e-001
  4.7561268e-001  4.1197100e-001
  4.6701192e-001  4.2529170e-001
  4.5143264e-001  4.1498447e-001
  4.5317215e-001  4.7839454e-001
  4.5316030e-001  4.3837000e-001
  4.7193779e-001  4.7562084e-001
  5.3154605e-002  4.2823439e-001
  4.7318925e-002  4.3843307e-001
  7.0105816e-002  4.0269632e-001
  4.8844738e-002  4.7210681e-001
  6.9945382e-002  3.6745311e-001
  6.2684481e-002  3.4532211e-001
  6.0039082e-002  3.6297404e-001
  4.8155853e-002  3.0426334e-001
  4.8231181e-002  2.8602136e-001
  5.9645685e-002  3.0312831e-001
  7.1183292e-002  2.2408825e-001
  4.7904630e-002  2.7416508e-001
  6.5828966e-002  2.3342470e-001
  4.9008869e-002  1.8525971e-001
  6.6229603e-002  2.5346795e-001
  5.8944150e-002  2.0599730e-001
  6.0445751e-002  1.6508789e-001
  7.1531878e-002  1.2885771e-001
  4.6209760e-002  1.5432861e-001
  7.0781393e-002  1.9357620e-001
  5.6629979e-002  1.4290771e-001
  4.9049005e-002  1.8396237e-001
  6.5048504e-002  1.8580191e-001
  5.3306426e-002  1.4936482e-001
  5.7604132e-002  1.4738377e-001
  5.7844525e-002  1.4341691e-001
  6.9243789e-002  1.7051599e-001
  6.6451202e-002  1.6055945e-001
  4.8887906e-002  1.5785612e-001
  6.8047657e-002  1.1879226e-001
  6.0832643e-002  8.4137508e-002
  6.7363138e-002  1.3747476e-001
  5.5586876e-002  7.6249008e-002
  7.4979851e-002  7.2552354e-002
  6.0753300e-002  1.3459063e-001
  6.8486249e-002  1.1682341e-001
  4.5936945e-002  1.5544382e-001
  5.2362747e-002  1.0849001e-001
  6.6526655e-002  1.4100242e-001
  5.8166901e-002  9.9708928e-002
  5.9820020e-002  1.0223898e-001
  5.0669367e-002  1.5319771e-001
  5.2363216e-002  8.5369616e-002
  4.7167107e-002  6.5044897e-002
  7.2697088e-002  1.5723160e-001
  5.3503231e-002  1.4754863e-001
  7.4852852e-002  1.3857724e-001
  7.2239130e-002  1.2466371e-001
  6.5027642e-002  7.1865106e-002
  6.3345194e-002  1.0317377e-001
  6.2293294e-002  5.9131524e-002
  5.2244654e-002  1.2211372e-001
  5.4387759e-002  1.2368820e-001
  5.8256572e-002  7.5522511e-002
  5.9167211e-002  1.5074879e-001
  6.1223400e-002  7.4154550e-002
  7.1366175e-002  1.1673822e-001
  5.8844118e-002  1.2645228e-001
  6.4648534e-002  1.4864695e-001
  7.4993646e-002  1.2534121e-001
  4.7529833e-002  1.1407415e-001
  5.7393799e-002  6.0671224e-002
  6.2464699e-002  1.3409996e-001
  6.8439459e-002  9.7422767e-002
  5.4533403e-002  1.0296019e-001
  5.4826840e-002  8.0885952e-002
  5.0594992e-002  1.3808295e-001
  4.9304267e-002  1.4951311e-001
  5.0359073e-002  1.2927757e-001
  9.9166709e-001  1.5718762e-001
  9.9206790e-001  7.4429739e-002
  1.0058132e+000  1.6232689e-001
  1.0005921e+000  1.5557959e-001
  1.0085846e+000  2.2509780e-001
  9.9757030e-001  2.9060793e-001
  9.9526759e-001  3.3487194e-001
  9.9089283e-001  4.3614341e-001
  1.0112139e+000  4.6244109e-001
  9.8587540e-001  5.5504398e-001
  9.9422121e-001  6.2578723e-001
  9.8894034e-001  6.7898514e-001
  1.0025938e+000  7.1183005e-001
  1.0122586e+000  7.2737448e-001
  9.9673865e-001  8.3542775e-001
  1.0136518e+000  8.6997719e-001
  9.9704445e-001  8.1820514e-001
  1.0132347e+000  9.3508437e-001
  9.9815348e-001  8.9947128e-001
  9.8690128e-001  9.8338802e-001
  1.0061471e+000  9.5611557e-001
  9.9046550e-001  9.9835572e-001
  1.0066426e+000  1.0105596e+000
  1.0025040e+000  1.0111454e+000
  9.8841486e-001  9.6539375e-001
  9.8726509e-001  9.7795212e-001
  1.0046966e+000  1.0173580e+000
  9.9744014e-001  1.0593704e+000
  9.9221635e-001  1.0143444e+000
  9.9640201e-001  1.0263178e+000
  9.9382045e-001  1.0903383e+000
  9.9466289e-001  1.0508818e+000
  1.0001433e+000  1.0274785e+000
  9.9143220e-001  1.0979124e+000
  1.0144081e+000  1.0754573e+000
  9.8636448e-001  1.0567261e+000
  9.9514934e-001  1.1128130e+000
  9.9301647e-001  1.1121682e+000
  9.9758862e-001  1.1174437e+000
  9.9506983e-001  1.0546772e+000
  1.0093251e+000  1.0753706e+000
  9.9959302e-001  1.0313293e+000
  9.9485937e-001  1.0886273e+000
  1.0113112e+000  1.0533756e+000
  9.9925524e-001  1.0594852e+000
  1.0136186e+000  1.0380072e+000
  1.0059030e+000  1.0437270e+000
  1.0109862e+000  1.0450489e+000
  1.0021453e+000  1.0617873e+000
  9.9700795e-001  1.1168922e+000
  1.0035255e+000  1.0962058e+000
  9.9723695e-001  1.1076266e+000
  9.9353453e-001  1.0443996e+000
  1.0075578e+000  1.1086656e+000
  1.0094686e+000  1.0850227e+000
  1.0091074e+000  1.1176485e+000
  9.9275468e-001  1.0979437e+000
  1.0087421e+000  1.0755383e+000
  9.9785210e-001  1.1113643e+000
  9.9723933e-001  1.0559185e+000
  1.0066588e+000  1.1081239e+000
  1.0136751e+000  1.0762841e+000
  1.0058965e+000  1.1096993e+000
  9.9914363e-001  1.0490411e+000
  1.0104768e+000  1.0668317e+000
  9.9087979e-001  1.1056346e+000
  1.0059071e+000  1.0717071e+000
  9.9485109e-001  1.0412781e+000
  9.8917163e-001  1.0381318e+000
 -3.0214568e-001  1.0565961e+000
 -2.9543761e-001  1.1107579e+000
 -2.9980360e-001  1.0504490e+000
 -2.9615512e-001  9.3573008e-001
 -3.1248832e-001  8.2273421e-001
 -3.2205220e-001  6.8458422e-001
 -2.9745554e-001  5.1195528e-001
 -3.1295519e-001  4.2430229e-001
 -3.0100388e-001  2.3891436e-001
 -3.0943147e-001  1.4865076e-001
 -3.1870424e-001  2.2586406e-002
 -2.9984846e-001 -6.7397044e-002
 -3.1368568e-001 -1.1669878e-001
 -3.1987955e-001 -2.4883100e-001
 -2.9361226e-001 -3.6261594e-001
 -3.1352519e-001 -3.9745588e-001
 -2.9357980e-001 -4.0840282e-001
 -3.1755634e-001 -4.6020718e-001
 -3.1416078e-001 -5.9453453e-001
 -2.9401053e-001 -5.6477908e-001
 -2.9636946e-001 -6.1570194e-001
 -3.0327274e-001 -6.2289488e-001
 -3.0354302e-001 -6.5466826e-001
 -3.1252613e-001 -7.5140848e-001
 -3.0227422e-001 -7.1711757e-001
 -3.0752144e-001 -7.9088965e-001
 -3.1559472e-001 -7.7494061e-001
 -3.1260339e-001 -7.9678618e-001
 -3.1775453e-001 -7.5916449e-001
 -3.0253960e-001 -8.0914374e-001
 -3.1751290e-001 -7.8135997e-001
 -2.9708050e-001 -8.1847543e-001
 -3.1250649e-001 -8.5393231e-001
 -3.0136352e-001 -8.8864552e-001
 -2.9783256e-001 -8.6046869e-001
 -2.9727473e-001 -8.1731339e-001
 -2.9449025e-001 -8.2796968e-001
 -2.9688760e-001 -8.9336994e-001
 -3.1104984e-001 -8.9437747e-001
 -3.1626530e-001 -9.0821998e-001
 -3.0899861e-001 -8.9112133e-001
 -3.0964370e-001 -8.3620420e-001
 -3.0878404e-001 -8.7718911e-001
 -3.1784917e-001 -9.3535783e-001
 -3.1174683e-001 -8.4624791e-001
 -3.1214199e-001 -9.1419146e-001
 -3.1036921e-001 -8.9570223e-001
 -3.1608931e-001 -9.0782560e-001
 -3.0429300e-001 -9.0368008e-001
 -3.2080265e-001 -9.1374330e-001
 -2.9701248e-001 -9.4128520e-001
 -3.1473651e-001 -8.9108447e-001
 -3.0823541e-001 -8.5400347e-001
 -3.1976064e-001 -9.1758601e-001
 -3.0323945e-001 -8.5528848e-001
 -3.0599513e-001 -8.8670082e-001
 -3.1886595e-001 -9.3401856e-001
 -3.2078450e-001 -9.4578559e-001
 -3.0803326e-001 -8.7374934e-001
 -3.0729259e-001 -9.4351829e-001
 -3.0054739e-001 -9.2516263e-001
 -3.0091788e-001 -9.3086253e-001
 -3.1783882e-001 -8.9988563e-001
 -3.1414197e-001 -8.7608100e-001
 -3.1447354e-001 -8.9322095e-001
 -2.9961155e-001 -9.2536299e-001
 -3.1592314e-001 -9.2073383e-001
 -3.0672831e-001 -9.4015747e-001
 -3.1661661e-001 -8.5803080e-001
 -2.6450706e-001 -9.0988983e-001
 -2.6125869e-001 -8.5926423e-001
 -2.5581569e-001 -8.7032443e-001
 -2.6070158e-001 -8.4120678e-001
 -2.7388528e-001 -8.4582631e-001
 -2.6504873e-001 -8.8606430e-001
 -2.8260223e-001 -8.9481978e-001
 -2.8152689e-001 -8.2011775e-001
 -2.6384914e-001 -7.9446888e-001
 -2.5693536e-001 -8.7870807e-001
 -2.7238827e-001 -7.7876629e-001
 -2.7905358e-001 -7.7265800e-001
 -2.8242861e-001 -8.2540968e-001
 -2.8235424e-001 -8.0196071e-001
 -2.5732748e-001 -7.8619206e-001
 -2.7166425e-001 -8.1485404e-001
 -2.7198772e-001 -7.9179369e-001
 -2.6821584e-001 -7.7021948e-001
 -2.6004465e-001 -7.7994775e-001
 -2.6968636e-001 -7.7680383e-001
 -2.7251254e-001 -7.3880039e-001
 -2.7412671e-001 -7.8229138e-001
 -2.5746960e-001 -7.3985635e-001
 -2.7633342e-001 -7.9061566e-001
 -2.6325330e-001 -7.3357869e-001
 -2.7060481e-001 -7.3312361e-001
 -2.6618750e-001 -7.6410337e-001
 -2.5706968e-001 -7.2015009e-001
 -2.6487815e-001 -7.6970841e-001
 -2.6480015e-001 -7.1256680e-001
 -2.5586371e-001 -7.8603916e-001
 -2.5460168e-001 -7.9026596e-001
 -2.6490488e-001 -7.3628471e-001
 -2.6331101e-001 -7.8451864e-001
 -2.7789474e-001 -7.0775096e-001
 -2.7873585e-001 -7.4085726e-001
 -2.7591511e-001 -7.8153492e-001
 -2.6509148e-001 -7.7790733e-001
 -2.6603413e-001 -7.9740873e-001
 -2.5829740e-001 -7.9784827e-001
 -2.7606152e-001 -8.0218456e-001
 -2.7746153e-001 -7.8674454e-001
 -2.7662091e-001 -7.4425054e-001
 -2.6725489e-001 -7.9400277e-001
 -2.5633663e-001 -7.9605709e-001
 -2.5628785e-001 -7.4849984e-001
 -2.7979145e-001 -7.1976292e-001
 -2.7971128e-001 -7.6680329e-001
 -2.7725815e-001 -7.5011185e-001
 -2.6047975e-001 -7.4896350e-001
 -2.6919004e-001 -7.1666596e-001
 -2.5517696e-001 -7.2077776e-001
 -2.8161906e-001 -7.9536610e-001
 -2.7460535e-001 -7.7907364e-001
 -2.5458321e-001 -7.5741632e-001
 -2.6961594e-001 -7.8761917e-001
 -2.7058260e-001 -7.5803772e-001
 -2.7073579e-001 -7.0733682e-001
 -2.5492335e-001 -7.7191113e-001
 -2.7428117e-001 -7.9194844e-001
 -2.6404139e-001 -7.9780338e-001
 -2.7332159e-001 -7.4517538e-001
 -2.6082589e-001 -7.0488952e-001
 -2.8288220e-001 -7.3114476e-001
 -2.8112635e-001 -7.0942746e-001
 -2.6204404e-001 -7.6119679e-001
 -2.7476480e-001 -7.9284615e-001
 -2.6979167e-001 -7.7921206e-001
 -2.8195539e-001 -7.1662136e-001
 -9.8100962e-001 -7.4140010e-001
 -9.8782105e-001 -7.9677562e-001
 -9.8329767e-001 -8.6382826e-001
 -9.8139672e-001 -1.1007015e+000
 -9.6988084e-001 -1.3890818e+000
 -9.7989341e-001 -1.6352934e+000
 -9.7227992e-001 -1.9229038e+000
 -9.6325974e-001 -2.2166693e+000
 -9.8982536e-001 -2.5170210e+000
 -9.7839113e-001 -2.8128374e+000
 -9.6866545e-001 -3.0786757e+000
 -9.9090262e-001 -3.2843992e+000
 -9.7413435e-001 -3.4909115e+000
 -9.6646356e-001 -3.6284046e+000
 -9.6796828e-001 -3.8847776e+000
 -9.8245071e-001 -4.0331680e+000
 -9.8809863e-001 -4.1479147e+000
 -9.7681066e-001 -4.2357206e+000
 -9.7031076e-001 -4.3828198e+000
 -9.8465058e-001 -4.4587715e+000
 -9.6855942e-001 -4.5597529e+000
 -9.7059349e-001 -4.5879081e+000
 -9.7926768e-001 -4.6230585e+000
 -9.7800371e-001 -4.6766574e+000
 -9.8812857e-001 -4.7523637e+000
 -9.6396577e-001 -4.7545791e+000
 -9.9023490e-001 -4.8116979e+000
 -9.6552942e-001 -4.9030517e+000
 -9.8971019e-001 -4.9383499e+000
 -9.7002255e-001 -4.9330569e+000
 -9.7832057e-001 -4.9596777e+000
 -9.6453784e-001 -4.9567528e+000
 -9.8040743e-001 -5.0188709e+000
 -9.8680933e-001 -4.9490139e+000
 -9.7336226e-001 -5.0478686e+000
 -9.6849750e-001 -5.0319724e+000
 -9.6778661e-001 -5.0791285e+000
 -9.8474001e-001 -5.0682757e+000
 -9.9178100e-001 -5.0128122e+000
 -9.7955692e-001 -5.0345468e+000
 -9.6383448e-001 -5.0370990e+000
 -9.7150792e-001 -5.0630145e+000
 -9.7826381e-001 -5.0615344e+000
 -9.7666901e-001 -5.0912581e+000
 -9.8436439e-001 -5.0841705e+000
 -9.8803525e-001 -5.0340904e+000
 -9.7331037e-001 -5.0382813e+000
 -9.7781483e-001 -5.0818532e+000
 -9.6437503e-001 -5.0620214e+000
 -9.7410217e-001 -5.0960700e+000
 -9.6650310e-001 -5.0452867e+000
 -9.6757092e-001 -5.0702153e+000
 -9.8242815e-001 -5.0887387e+000
 -9.7029520e-001 -5.0436356e+000
 -9.8028150e-001 -5.1223960e+000
 -9.6628268e-001 -5.1117313e+000
 -9.8623996e-001 -5.0868214e+000
 -9.7574517e-001 -5.0686895e+000
 -9.8887081e-001 -5.0591794e+000
 -9.8999607e-001 -5.1137753e+000
 -9.7977948e-001 -5.0731673e+000
 -9.7261085e-001 -5.1371786e+000
 -9.8070272e-001 -5.0535545e+000
 -9.8327888e-001 -5.1263870e+000
 -9.6372547e-001 -5.1236468e+000
 -9.7294662e-001 -5.0769337e+000
 -9.8544300e-001 -5.0708322e+000
 -9.7296862e-001 -5.1434125e+000
 -9.8688768e-001 -5.0529205e+000
 -9.8660531e-001 -5.0973749e+000
 -9.7441185e-001 -5.0613481e+000
 -9.9952165e-001 -5.1028382e+000
 -9.8194601e-001 -5.0625541e+000
 -9.7161095e-001 -5.1261416e+000
 -9.9114896e-001 -5.1451249e+000
 -9.7484439e-001 -5.0780437e+000
 -9.9565578e-001 -5.1251304e+000
 -9.7592308e-001 -5.0884466e+000
 -9.9491747e-001 -5.1619172e+000
 -9.9873142e-001 -5.1743745e+000
 -9.9210858e-001 -5.1488674e+000
 -9.7699346e-001 -5.1511818e+000
 -9.7227385e-001 -5.1823869e+000
 -9.9076716e-001 -5.1660742e+000
 -9.9913925e-001 -5.0976907e+000
 -9.7918665e-001 -5.1865421e+000
 -9.7049079e-001 -5.1382680e+000
 -9.9216645e-001 -5.1502628e+000
 -9.8850516e-001 -5.1923824e+000
 -9.7701531e-001 -5.1883986e+000
 -9.8818233e-001 -5.1923612e+000
 -9.8893347e-001 -5.1639141e+000
 -9.7604735e-001 -5.1376039e+000
 -9.7698118e-001 -5.1378021e+000
 -9.9766001e-001 -5.1326185e+000
 -9.9100019e-001 -5.1038250e+000
 -9.7435690e-001 -5.1965898e+000
 -9.9904011e-001 -5.1574899e+000
 -9.7722961e-001 -5.2007038e+000
 -9.8034424e-001 -5.1392980e+000
 -9.8092229e-001 -5.1347698e+000
 -9.9355069e-001 -5.1940689e+000
 -9.7662553e-001 -5.1472267e+000
 -9.8969208e-001 -5.1138290e+000
 -9.6994834e-001 -5.1122532e+000
 -9.9431067e-001 -5.1606094e+000
 -9.8287381e-001 -5.1075603e+000
 -9.9602962e-001 -5.1221620e+000
 -9.8249055e-001 -5.1674128e+000
 -9.7912967e-001 -5.1184874e+000
 -9.9572058e-001 -5.1462015e+000
 -9.8413712e-001 -5.2021202e+000
 -9.8182842e-001 -5.1659618e+000
 -9.9541729e-001 -5.1248167e+000
 -9.7225891e-001 -5.1737194e+000
 -9.8103711e-001 -5.1602091e+000
 -9.7730146e-001 -5.1108781e+000
 -9.7644060e-001 -5.1923390e+000
 -9.8622978e-001 -5.2060209e+000
 -9.9794991e-001 -5.1437686e+000
 -9.8990369e-001 -5.1213562e+000
 -9.9889422e-001 -5.1463518e+000
 -9.8286669e-001 -5.1840743e+000
 -9.9052068e-001 -5.1102512e+000
 -9.8639090e-001 -5.1438712e+000
 -9.8438022e-001 -5.1873800e+000
 -9.7315360e-001 -5.1389096e+000
 -9.9643271e-001 -5.1917347e+000
 -9.7862099e-001 -5.1976247e+000
 -9.9459693e-001 -5.1676048e+000
 -9.9142532e-001 -5.2001510e+000
 -9.7823162e-001 -5.1300899e+000
 -9.9484400e-001 -5.1845243e+000
 -9.7891638e-001 -5.1159293e+000
 -9.9322553e-001 -5.1849370e+000
 -9.8345117e-001 -5.1535779e+000
 -9.6982310e-001 -5.1725996e+000
 -9.9160240e-001 -5.1571958e+000
 -5.6894883e-001 -5.1792122e+000
 -5.7668433e-001 -5.1918593e+000
 -5.7533641e-001 -5.0873864e+000
 -5.8797354e-001 -4.9621898e+000
 -5.8621824e-001 -4.7330617e+000
 -5.7245393e-001 -4.5393749e+000
 -5.9512367e-001 -4.3921974e+000
 -5.8572040e-001 -4.1114866e+000
 -5.7452087e-001 -3.9686157e+000
 -5.8258879e-001 -3.8104466e+000
 -5.9364013e-001 -3.6259393e+000
 -5.9334704e-001 -3.5052832e+000
 -5.8865661e-001 -3.3252901e+000
 -5.8790523e-001 -3.1614453e+000
 -5.8593508e-001 -3.1411837e+000
 -5.8665802e-001 -2.9919342e+000
 -5.8269845e-001 -2.8656241e+000
 -5.7022804e-001 -2.7949102e+000
 -5.9727297e-001 -2.7880176e+000
 -5.8195893e-001 -2.6892881e+000
 -5.8302363e-001 -2.6865210e+000
 -5.8642880e-001 -2.5791900e+000
 -5.9793621e-001 -2.5658995e+000
 -5.6880599e-001 -2.5184982e+000
 -5.7127410e-001 -2.5274211e+000
 -5.7633199e-001 -2.4800988e+000
 -5.8576140e-001 -2.4340439e+000
 -5.9685129e-001 -2.4113469e+000
 -5.7264294e-001 -2.3884422e+000
 -5.7412735e-001 -2.3973379e+000
 -5.8264982e-001 -2.3642849e+000
 -5.9175446e-001 -2.3186614e+000
 -5.6968328e-001 -2.3371043e+000
 -5.9405755e-001 -2.2955575e+000
 -5.7889885e-001 -2.3604830e+000
 -5.8602803e-001 -2.3389049e+000
 -5.9746674e-001 -2.2775025e+000
 -5.8178905e-001 -2.3431448e+000
 -5.8951749e-001 -2.2754428e+000
 -5.6995322e-001 -2.2515860e+000
 -5.7540988e-001 -2.2984556e+000
 -5.9747759e-001 -2.3287733e+000
 -5.9348270e-001 -2.2947315e+000
 -5.8078257e-001 -2.2719499e+000
 -5.8062591e-001 -2.2804097e+000
 -5.7499281e-001 -2.2468429e+000
 -5.9099046e-001 -2.2917562e+000
 -5.8246048e-001 -2.2226367e+000
 -5.8159563e-001 -2.2256750e+000
 -5.8807761e-001 -2.2208656e+000
 -5.7164873e-001 -2.2516344e+000
 -5.9257181e-001 -2.2937454e+000
 -5.8050569e-001 -2.2272305e+000
 -5.9415506e-001 -2.2399960e+000
 -5.7634220e-001 -2.3082800e+000
 -5.9047782e-001 -2.2705275e+000
 -5.8025542e-001 -2.2494269e+000
 -5.9678324e-001 -2.2657577e+000
 -5.9500304e-001 -2.2465986e+000
 -5.9247647e-001 -2.2843914e+000
 -5.8179439e-001 -2.2946133e+000
 -5.8204015e-001 -2.3088703e+000
 -5.8343361e-001 -2.3080579e+000
 -5.9374983e-001 -2.2751604e+000
 -5.8849694e-001 -2.2671340e+000
 -5.9704047e-001 -2.2227285e+000
 -5.9611764e-001 -2.2464087e+000
 -5.9717161e-001 -2.2362930e+000
 -5.8130909e-001 -2.2352937e+000
  5.2469414e-001 -2.2309299e+000
  5.2632040e-001 -2.2786767e+000
  5.1611401e-001 -2.1228621e+000
  5.3130426e-001 -1.9858560e+000
  5.3193846e-001 -1.8208505e+000
  5.2508174e-001 -1.6838040e+000
  5.3388050e-001 -1.5062841e+000
  5.1503759e-001 -1.2903071e+000
  5.2152068e-001 -1.1042657e+000
  5.1234043e-001 -9.9382416e-001
  5.2946895e-001 -7.5425365e-001
  5.3541401e-001 -6.1126220e-001
  5.1333926e-001 -5.0543740e-001
  5.2203761e-001 -4.2990270e-001
  5.3843983e-001 -2.8905774e-001
  5.2549350e-001 -1.8876764e-001
  5.2440179e-001 -1.0082914e-001
  5.3208771e-001 -5.5622345e-002
  5.3530309e-001 -2.5257430e-002
  5.1197338e-001  4.1423104e-002
  5.2779532e-001  1.2024433e-001
  5.1873377e-001  1.7617556e-001
  5.1523447e-001  2.0963232e-001
  5.0879445e-001  2.5486045e-001
  5.0891622e-001  2.9793727e-001
  5.2423554e-001  3.0450264e-001
  5.1923405e-001  3.6673460e-001
  5.1648388e-001  3.0898921e-001
  5.3354081e-001  3.9340587e-001
  5.1692067e-001  3.6515127e-001
  5.3176993e-001  3.7674776e-001
  5.1146707e-001  3.9404154e-001
  5.2987119e-001  4.2669981e-001
  5.3439343e-001  4.2101820e-001
  5.2117017e-001  3.8029997e-001
  5.3827176e-001  4.5134605e-001
  5.2572566e-001  4.3832244e-001
  5.2058037e-001  4.2480832e-001
  5.2923137e-001  4.9905127e-001
  5.1469302e-001  4.0779576e-001
  5.1418161e-001  4.2656257e-001
  5.3307000e-001  4.6743451e-001
  5.2955860e-001  5.0200834e-001
  5.1117222e-001  4.3644111e-001
  5.2860751e-001  4.3020491e-001
  5.2404192e-001  4.4484485e-001
  5.1376881e-001  4.4609807e-001
  5.1027678e-001  4.6639885e-001
  5.2065009e-001  4.8115356e-001
  5.1088854e-001  4.3484711e-001
  5.2626105e-001  5.0949672e-001
  5.1120785e-001  4.8072881e-001
  5.2947254e-001  4.6852553e-001
  5.1198308e-001  4.9461808e-001
  5.1108493e-001  4.7697983e-001
  5.3709809e-001  5.0369109e-001
  5.2327787e-001  4.3964587e-001
  5.0957155e-001  4.5361284e-001
  5.2747216e-001  5.2448140e-001
  5.1610600e-001  4.9104875e-001
  5.2024782e-001  4.5908920e-001
  5.1767038e-001  4.9102844e-001
  5.1302074e-001  5.3188366e-001
  5.1264865e-001  4.5984039e-001
  5.1073670e-001  4.3737338e-001
  5.3279363e-001  4.7998809e-001
  5.2240405e-001  4.3946030e-001
  5.2675329e-001  4.9102448e-001
  5.1872106e-001  4.9691389e-001
  5.7679398e-001  4.7430161e-001
  5.8717383e-001  5.2114175e-001
  5.9658390e-001  5.1153223e-001
  5.8411923e-001  4.9496836e-001
  5.9516894e-001  4.6690142e-001
  5.8870471e-001  4.5717765e-001
  5.9152203e-001  4.5009957e-001
  5.7399728e-001  4.7618965e-001
  5.7930857e-001  4.8834796e-001
  5.9079233e-001  5.0766301e-001
  5.9290508e-001  5.5061804e-001
  5.8669091e-001  4.8107979e-001
  5.9199506e-001  5.5485678e-001
  5.8420838e-001  5.1585283e-001
  5.7163241e-001  5.0568684e-001
  5.7183489e-001  5.5567476e-001
  5.9018075e-001  5.5442538e-001
  5.9622809e-001  5.0412145e-001
  5.8506400e-001  4.9395968e-001
  5.8312370e-001  5.1099159e-001
  5.9408976e-001  5.1941565e-001
  5.8204045e-001  5.5867625e-001
  5.8459714e-001  5.5948994e-001
  5.7531161e-001  5.6145158e-001
  5.8702499e-001  5.0730770e-001
  5.7184100e-001  5.4675312e-001
  5.9076015e-001  5.1526856e-001
  5.9858428e-001  5.2232858e-001
  5.9019032e-001  5.1021740e-001
  5.7377773e-001  5.1187160e-001
  5.7495782e-001  4.7602404e-001
  5.7912957e-001  5.0384278e-001
  5.9812397e-001  5.0790516e-001
  5.9456193e-001  4.8746324e-001
  5.8757711e-001  5.0241800e-001
  5.8722844e-001  5.0041847e-001
  5.8690835e-001  5.5769293e-001
  5.9851567e-001  5.3055488e-001
  5.9007556e-001  4.7149003e-001
  5.8001483e-001  4.6549072e-001
  5.7140711e-001  5.5938117e-001
  5.9948373e-001  5.5771859e-001
  5.8424049e-001  4.7144978e-001
  5.8805186e-001  5.1053267e-001
  5.9193979e-001  5.1075535e-001
  5.7067195e-001  5.2726779e-001
  5.9522881e-001  4.8522164e-001
  5.8914341e-001  5.4797801e-001
  6.0022590e-001  5.2313955e-001
  5.7198826e-001  5.2620756e-001
  5.7998850e-001  4.8105878e-001
  5.9987300e-001  5.0878646e-001
  5.9369148e-001  4.9832570e-001
  5.9194510e-001  5.3624315e-001
  5.9240136e-001  5.6034024e-001
  5.7354138e-001  5.1321499e-001
  5.9658088e-001  5.1878755e-001
  5.9634875e-001  4.8413461e-001
  5.7216054e-001  5.6265810e-001
  5.9357921e-001  5.2135492e-001
  5.7334688e-001  5.6496299e-001
  5.9345646e-001  5.0441900e-001
  5.9374831e-001  4.6705633e-001
  5.7131809e-001  5.0938586e-001
  5.8242300e-001  5.4123091e-001
  5.7619718e-001  4.8262285e-001
  5.8822094e-001  5.4959878e-001
  5.9000585e-001  4.9283556e-001
  5.8533875e-001  4.9411419e-001
 -3.2364141e-001  4.7464573e-001
 -3.2438421e-001  5.2322517e-001
 -3.2383214e-001  4.4489663e-001
 -3.1851185e-001  4.3454233e-001
 -3.2233974e-001  3.5096776e-001
 -3.2893767e-001  2.2970217e-001
 -3.2534302e-001  1.1854590e-001
 -3.2600928e-001  2.0343977e-002
 -3.2885046e-001 -7.7182288e-002
 -3.1208963e-001 -1.7506804e-001
 -3.2448613e-001 -2.5692867e-001
 -3.0283708e-001 -3.0389851e-001
 -3.2685395e-001 -4.2883346e-001
 -3.1928470e-001 -4.8567247e-001
 -3.1901732e-001 -5.5901571e-001
 -3.1346533e-001 -5.2198084e-001
 -3.1860662e-001 -6.2862465e-001
 -3.0420393e-001 -6.7449100e-001
 -3.3103561e-001 -6.4447192e-001
 -3.1103141e-001 -7.4555532e-001
 -3.0314428e-001 -7.1811902e-001
 -3.1223307e-001 -7.1323315e-001
 -3.1408518e-001 -8.2829785e-001
 -3.1601437e-001 -7.9538534e-001
 -3.1980229e-001 -8.0141261e-001
 -3.0524679e-001 -8.0600931e-001
 -3.1287486e-001 -8.3385801e-001
 -3.1027221e-001 -8.1340950e-001
 -3.0265407e-001 -8.2083684e-001
 -3.2445374e-001 -8.5924533e-001
 -3.0947513e-001 -8.3866154e-001
 -3.2533288e-001 -8.6612805e-001
 -3.1805923e-001 -9.3957104e-001
 -3.2113452e-001 -9.2936769e-001
 -3.1123436e-001 -9.0651207e-001
 -3.0183271e-001 -9.5094159e-001
 -3.1121204e-001 -9.4365686e-001
 -3.2709583e-001 -8.9167441e-001
 -3.1748063e-001 -9.0434867e-001
 -3.3062210e-001 -9.1608835e-001
 -3.2035851e-001 -8.9424347e-001
 -3.2131212e-001 -9.3958640e-001
 -3.0348991e-001 -9.3678083e-001
 -3.2175809e-001 -9.0384841e-001
 -3.1226719e-001 -9.7030146e-001
 -3.0940504e-001 -9.3026705e-001
 -3.2500100e-001 -9.3660731e-001
 -3.1978003e-001 -9.0520316e-001
 -3.2778561e-001 -9.3243680e-001
 -3.2743301e-001 -9.3928482e-001
 -3.1078842e-001 -9.1592830e-001
 -3.0996633e-001 -9.7568084e-001
 -3.1916718e-001 -9.4327666e-001
 -3.3111060e-001 -9.3466409e-001
 -3.2088673e-001 -9.0159981e-001
 -3.1408589e-001 -9.4770505e-001
 -3.1533067e-001 -8.8349120e-001
 -3.2445802e-001 -9.4228669e-001
 -3.0189817e-001 -9.7931348e-001
 -3.2410816e-001 -9.3630487e-001
 -3.1730808e-001 -9.1941454e-001
 -3.1229638e-001 -9.7196902e-001
 -3.0146505e-001 -9.5849431e-001
 -3.0614086e-001 -8.9451477e-001
 -3.1631582e-001 -9.4169598e-001
 -3.2537101e-001 -9.5981286e-001
 -3.3011456e-001 -9.2158499e-001
 -3.1401836e-001 -9.1838567e-001
 -3.2430286e-001 -8.9159163e-001
 -8.8779476e-001 -9.1708396e-001
 -8.9837935e-001 -9.3253753e-001
 -8.7424808e-001 -1.0771285e+000
 -8.8666397e-001 -1.2492537e+000
 -8.8453440e-001 -1.4663129e+000
 -8.9727812e-001 -1.6138686e+000
 -8.7637632e-001 -1.8716306e+000
 -8.8657536e-001 -2.1186580e+000
 -8.8196055e-001 -2.3342630e+000
 -8.8355606e-001 -2.5818587e+000
 -8.8460490e-001 -2.7059362e+000
 -8.8240853e-001 -2.9164814e+000
 -8.9600886e-001 -3.0823197e+000
 -8.7704070e-001 -3.2673781e+000
 -8.9637908e-001 -3.3154691e+000
 -8.8217766e-001 -3.5169024e+000
 -8.9105874e-001 -3.6114658e+000
 -8.7990026e-001 -3.6612322e+000
 -8.8240734e-001 -3.7949225e+000
 -8.8999756e-001 -3.8571994e+000
 -8.9606945e-001 -3.9350073e+000
 -8.9302595e-001 -3.9116336e+000
 -8.8669691e-001 -3.9658164e+000
 -8.9378669e-001 -4.0130410e+000
 -8.9908253e-001 -4.0824100e+000
 -8.8503852e-001 -4.0936497e+000
 -8.7316212e-001 -4.1671815e+000
 -8.8708670e-001 -4.1487776e+000
 -8.8667619e-001 -4.1539595e+000
 -8.8906375e-001 -4.1983159e+000
 -8.7122270e-001 -4.2380231e+000
 -8.9896216e-001 -4.2485623e+000
 -8.7714455e-001 -4.3063500e+000
 -8.8929379e-001 -4.3141400e+000
 -8.8254259e-001 -4.3200312e+000
 -8.8426277e-001 -4.2713119e+000
 -8.8467439e-001 -4.2706442e+000
 -8.9144598e-001 -4.3349705e+000
 -8.7403936e-001 -4.3553381e+000
 -8.9495872e-001 -4.3093875e+000
 -8.9466833e-001 -4.3115953e+000
 -8.7873303e-001 -4.2816291e+000
 -8.9604693e-001 -4.3689111e+000
 -8.7738675e-001 -4.3577509e+000
 -8.9980032e-001 -4.2931045e+000
 -8.8809258e-001 -4.2877477e+000
 -8.9613023e-001 -4.3229826e+000
 -8.8552587e-001 -4.3476723e+000
 -8.9549810e-001 -4.3073586e+000
 -8.8870845e-001 -4.3560405e+000
 -8.7266983e-001 -4.3683811e+000
 -8.9201495e-001 -4.3835775e+000
 -8.9643793e-001 -4.2971633e+000
 -8.7335689e-001 -4.3652675e+000
 -8.7302113e-001 -4.3369645e+000
 -8.9545528e-001 -4.3673194e+000
 -8.9961813e-001 -4.3393700e+000
 -8.8923046e-001 -4.3473943e+000
 -8.7792529e-001 -4.3557103e+000
 -8.8548358e-001 -4.3886819e+000
 -8.8579797e-001 -4.3156273e+000
 -8.8096761e-001 -4.3591723e+000
 -8.9605852e-001 -4.3966784e+000
 -8.7952531e-001 -4.3445722e+000
 -8.8376985e-001 -4.3917153e+000
 -8.7572276e-001 -4.3865096e+000
 -8.7693935e-001 -4.3497051e+000
 -9.0000190e-001 -4.3240354e+000
 -8.8733295e-001 -4.3277495e+000
 -6.1413528e-001 -4.3122296e+000
 -6.2175285e-001 -4.3804776e+000
 -5.9881564e-001 -4.3021830e+000
 -6.0266765e-001 -4.2289854e+000
 -6.0886551e-001 -4.0995455e+000
 -6.1636528e-001 -3.9544502e+000
 -6.1403634e-001 -3.8333687e+000
 -6.0691545e-001 -3.6675563e+000
 -6.1540130e-001 -3.5461503e+000
 -6.1543472e-001 -3.4474495e+000
 -6.0046139e-001 -3.3479662e+000
 -6.1525248e-001 -3.2263759e+000
 -6.2267209e-001 -3.1717255e+000
 -6.0927163e-001 -3.0513837e+000
 -6.1630325e-001 -2.9600719e+000
 -5.9731408e-001 -2.9373540e+000
 -6.0373840e-001 -2.8006715e+000
 -6.1888634e-001 -2.8011620e+000
 -5.9932456e-001 -2.7085418e+000
 -6.0594079e-001 -2.6840282e+000
 -6.1935825e-001 -2.6201640e+000
 -6.0558252e-001 -2.5986555e+000
 -6.1450558e-001 -2.6323775e+000
 -5.9513567e-001 -2.6042923e+000
 -6.1189049e-001 -2.5351786e+000
 -6.2209154e-001 -2.5244944e+000
 -5.9573142e-001 -2.5626454e+000
 -6.1803454e-001 -2.5325985e+000
 -6.1041530e-001 -2.5477550e+000
 -6.1248465e-001 -2.5144853e+000
 -6.0774270e-001 -2.5027231e+000
 -6.2216630e-001 -2.4230146e+000
 -6.1638784e-001 -2.5061110e+000
 -6.0240270e-001 -2.4219335e+000
 -6.0245073e-001 -2.4176040e+000
 -6.0777001e-001 -2.4622703e+000
 -6.2233185e-001 -2.4529696e+000
 -6.0172422e-001 -2.4414802e+000
 -6.2009621e-001 -2.3983116e+000
 -6.1637774e-001 -2.4119220e+000
 -6.0700700e-001 -2.4590185e+000
 -6.0444326e-001 -2.3895774e+000
 -6.1002433e-001 -2.3835139e+000
 -6.0676019e-001 -2.4564020e+000
 -5.9572552e-001 -2.4571406e+000
 -6.2080442e-001 -2.3969737e+000
 -6.1766372e-001 -2.4592984e+000
 -5.9972842e-001 -2.4258234e+000
 -6.0395187e-001 -2.4351850e+000
 -6.1876133e-001 -2.4151909e+000
 -6.0424252e-001 -2.3664049e+000
 -6.2021733e-001 -2.4105120e+000
 -5.9976734e-001 -2.3903799e+000
 -5.9928335e-001 -2.3810437e+000
 -6.1466591e-001 -2.4456436e+000
 -6.0579303e-001 -2.4273812e+000
 -5.9522650e-001 -2.3655193e+000
 -6.1278867e-001 -2.3856830e+000
 -6.0596197e-001 -2.3710273e+000
 -6.0068262e-001 -2.4489639e+000
 -5.9859713e-001 -2.4252332e+000
 -5.9586379e-001 -2.4380267e+000
 -5.9650760e-001 -2.4115040e+000
 -5.9920446e-001 -2.4366964e+000
 -5.9408599e-001 -2.4427455e+000
 -5.9414372e-001 -2.3768947e+000
 -6.1432865e-001 -2.4105393e+000
 -5.9654279e-001 -2.3612647e+000
 -6.1882569e-001 -2.3663016e+000
  1.7624495e-001 -2.4237374e+000
  1.5454723e-001 -2.4102139e+000
  1.5267401e-001 -2.2827981e+000
  1.6184953e-001 -2.2182226e+000
  1.5972840e-001 -2.0039022e+000
  1.6659734e-001 -1.8620998e+000
  1.6076962e-001 -1.6380494e+000
  1.5458730e-001 -1.4923890e+000
  1.7758840e-001 -1.2835372e+000
  1.7947465e-001 -1.1886703e+000
  1.5528166e-001 -9.7880471e-001
  1.7589936e-001 -8.6213090e-001
  1.7679779e-001 -7.2971789e-001
  1.8103467e-001 -5.8652225e-001
  1.5775581e-001 -4.6944434e-001
  1.7995576e-001 -4.2746911e-001
  1.7942551e-001 -3.3432649e-001
  1.7388873e-001 -2.8482542e-001
  1.6620705e-001 -2.1689422e-001
  1.5268762e-001 -1.7153154e-001
  1.5409813e-001 -8.7752640e-002
  1.5906932e-001 -4.3762384e-002
  1.6694607e-001 -1.9469162e-002
  1.5410755e-001  8.1694950e-003
  1.7357014e-001  3.8999174e-002
  1.7676784e-001  6.7562791e-002
  1.6674249e-001  1.3799670e-001
  1.6460646e-001  1.6213204e-001
  1.7055464e-001  1.0669800e-001
  1.7096090e-001  1.7383536e-001
  1.5690637e-001  2.0272821e-001
  1.7570590e-001  1.4190861e-001
  1.7642619e-001  2.3166941e-001
  1.5381031e-001  2.2020583e-001
  1.7523854e-001  2.0242491e-001
  1.6422158e-001  2.2319957e-001
  1.6520930e-001  1.7535568e-001
  1.6362789e-001  1.8293312e-001
  1.6221900e-001  2.5422086e-001
  1.6615763e-001  2.3138548e-001
  1.5292308e-001  2.6716477e-001
  1.6454202e-001  1.9800278e-001
  1.6809367e-001  1.9443657e-001
  1.7744303e-001  2.0722798e-001
  1.6011886e-001  2.1209647e-001
  1.5290774e-001  2.5108761e-001
  1.6103766e-001  2.7837767e-001
  1.5414177e-001  2.0028470e-001
  1.5480767e-001  2.1795972e-001
  1.5537322e-001  2.5173581e-001
  1.7124121e-001  2.5379446e-001
  1.7300122e-001  2.9943716e-001
  1.6183600e-001  3.0065605e-001
  1.8034241e-001  2.2813338e-001
  1.5299975e-001  2.3279637e-001
  1.5794900e-001  2.3413729e-001
  1.7669756e-001  2.6667379e-001
  1.7823473e-001  2.2855370e-001
  1.7704627e-001  2.5292901e-001
  1.7751679e-001  2.4090118e-001
  1.8213789e-001  2.0840607e-001
  1.6199396e-001  2.4468021e-001
  1.5955734e-001  2.6639276e-001
  1.6741109e-001  2.7069047e-001
  1.7383384e-001  2.2582584e-001
  1.6541080e-001  2.8407307e-001
  1.5693757e-001  2.3296802e-001
  1.6863353e-001  2.5547278e-001
  1.8019738e-001  2.1981595e-001
  8.3742694e-001  2.5333320e-001
  8.4099553e-001  3.0259166e-001
  8.6153079e-001  2.4743325e-001
  8.3498394e-001  2.9321902e-001
  8.5512782e-001  3.4433421e-001
  8.3930837e-001  3.5438085e-001
  8.5169990e-001  3.7995641e-001
  8.6009754e-001  4.6510429e-001
  8.5913972e-001  4.6660069e-001
  8.4546038e-001  5.4078702e-001
  8.5280765e-001  5.7022322e-001
  8.4305251e-001  5.0982411e-001
  8.4860743e-001  5.8629214e-001
  8.4969616e-001  6.2810618e-001
  8.3895679e-001  6.4435762e-001
  8.4878609e-001  6.2766071e-001
  8.5943099e-001  6.1957751e-001
  8.5408411e-001  6.2045840e-001
  8.4603551e-001  6.4250187e-001
  8.3823222e-001  7.0846413e-001
  8.4616216e-001  6.7559326e-001
  8.4050815e-001  6.6599820e-001
  8.4369135e-001  7.0208010e-001
  8.5916673e-001  6.9061956e-001
  8.5044337e-001  7.1986364e-001
  8.3896444e-001  7.6440924e-001
  8.3816824e-001  7.2276366e-001
  8.5682471e-001  7.6485966e-001
  8.5323495e-001  6.8772676e-001
  8.5514796e-001  6.9321922e-001
  8.6336219e-001  7.5651411e-001
  8.4657809e-001  7.7822815e-001
  8.4121876e-001  7.2845971e-001
  8.3899631e-001  7.7652256e-001
  8.3827994e-001  7.2383898e-001
  8.3800297e-001  7.3556959e-001
  8.5229590e-001  7.9616930e-001
  8.6312998e-001  7.5050912e-001
  8.3948709e-001  7.2005414e-001
  8.3588789e-001  8.0082284e-001
  8.5514638e-001  7.8585298e-001
  8.3761303e-001  7.6823962e-001
  8.4210469e-001  7.1533134e-001
  8.3462101e-001  7.8578800e-001
  8.3669847e-001  7.8366719e-001
  8.4569983e-001  7.4701634e-001
  8.6072288e-001  7.2294673e-001
  8.6217133e-001  7.3148242e-001
  8.3974985e-001  7.4515483e-001
  8.4925150e-001  7.4219003e-001
  8.3819042e-001  7.3283882e-001
  8.4435544e-001  7.3527739e-001
  8.5167168e-001  7.3105851e-001
  8.4054774e-001  7.1125037e-001
  8.4507617e-001  7.1782253e-001
  8.5845811e-001  7.1737727e-001
  8.3529152e-001  8.0272276e-001
  8.6341651e-001  7.6891637e-001
  8.5887752e-001  7.7558634e-001
  8.4321839e-001  7.8576583e-001
  8.5143155e-001  7.7642315e-001
  8.4889915e-001  7.6692381e-001
  8.4625959e-001  7.5847598e-001
  8.3424319e-001  7.3643405e-001
  8.4391605e-001  7.7425386e-001
  8.4500297e-001  7.4745899e-001
  8.5542038e-001  7.3045356e-001
  8.6241810e-001  7.1046399e-001
  8.4167070e-001  8.0579311e-001
 -2.5725706e-001  7.7091744e-001
 -2.5188441e-001  7.8714718e-001
 -2.4577199e-001  7.0864991e-001
 -2.5250254e-001  6.3190184e-001
 -2.7459425e-001  5.8612135e-001
 -2.6645250e-001  4.6403029e-001
 -2.7118955e-001  3.0089146e-001
 -2.7076310e-001  2.6363203e-001
 -2.6330523e-001  1.9998302e-001
 -2.5311022e-001  2.5724104e-002
 -2.5750449e-001 -7.9680374e-003
 -2.4730917e-001 -1.0684852e-001
 -2.5469307e-001 -1.8428069e-001
 -2.6166180e-001 -1.8145627e-001
 -2.4509318e-001 -2.8757095e-001
 -2.6774170e-001 -3.0888783e-001
 -2.6793957e-001 -3.9577124e-001
 -2.6217731e-001 -3.9450275e-001
 -2.6885769e-001 -4.8890423e-001
 -2.7059574e-001 -5.0926604e-001
 -2.6702013e-001 -5.0514165e-001
 -2.6613731e-001 -5.6808374e-001
 -2.6237961e-001 -5.6261153e-001
 -2.6859016e-001 -5.7104939e-001
 -2.6455431e-001 -6.4597792e-001
 -2.5963732e-001 -6.3570890e-001
 -2.4711740e-001 -6.0548577e-001
 -2.4700066e-001 -6.3843258e-001
 -2.6186660e-001 -6.4383683e-001
 -2.6245008e-001 -6.1045186e-001
 -2.4486195e-001 -6.5032394e-001
 -2.4585845e-001 -6.2996641e-001
 -2.5014792e-001 -6.3633202e-001
 -2.5498091e-001 -6.7849997e-001
 -2.7429288e-001 -7.3024204e-001
 -2.6318363e-001 -7.1234802e-001
 -2.6287674e-001 -6.5180927e-001
 -2.7216755e-001 -7.0989427e-001
 -2.4484103e-001 -7.1567659e-001
 -2.6267988e-001 -6.6457618e-001
 -2.6188840e-001 -6.9924437e-001
 -2.4755878e-001 -7.4623045e-001
 -2.4568142e-001 -6.5572769e-001
 -2.5288141e-001 -7.4102232e-001
 -2.5930564e-001 -7.2405100e-001
 -2.5956678e-001 -7.4066859e-001
 -2.4913888e-001 -6.6415668e-001
 -2.6239910e-001 -6.6883281e-001
 -2.5759612e-001 -6.6788465e-001
 -2.6715801e-001 -7.2148147e-001
 -2.7326787e-001 -7.3728355e-001
 -2.6307388e-001 -6.7485486e-001
 -2.5632237e-001 -7.4121890e-001
 -2.4879019e-001 -7.1932212e-001
 -2.5807465e-001 -7.2702344e-001
 -2.6734912e-001 -7.2590221e-001
 -2.5581083e-001 -7.4541507e-001
 -5.7788009e-001 -7.3889195e-001
