  5.0561111e-003 -3.3142939e-002
 -2.3382258e-003  4.1320889e-002
  1.1853053e-003  4.8596562e-002
  4.9850359e-003  2.9086851e-002
  3.4253629e-004  3.1951387e-002
  6.8579420e-003  6.2741708e-003
  1.0631841e-002  1.6804735e-002
  1.2161298e-002  1.0958775e-002
 -1.4905541e-002  3.3213312e-002
 -1.1048978e-003  4.0495881e-002
  8.6129845e-001  3.1358121e-002
  8.5220763e-001  3.7182135e-002
  8.5364500e-001  7.0213470e-002
  8.5028249e-001  5.2415039e-002
  8.4988665e-001  1.2294049e-001
  8.5786358e-001  1.3512924e-001
  8.5234077e-001  2.2603473e-001
  8.7135739e-001  2.3886368e-001
  8.5395960e-001  3.4055804e-001
  8.4886926e-001  3.9098883e-001
  8.6991439e-001  4.1838619e-001
  8.4973350e-001  4.0890949e-001
  8.5330304e-001  4.4407965e-001
  8.5820988e-001  5.1890142e-001
  8.7406244e-001  5.2944316e-001
  8.6909630e-001  6.1246004e-001
  8.6340306e-001  6.1714699e-001
  8.6298586e-001  6.6895874e-001
  8.6437045e-001  6.6305431e-001
  8.6946929e-001  6.3940676e-001
  8.7273538e-001  7.1951110e-001
  8.7214572e-001  6.8956550e-001
  8.5044694e-001  6.9997194e-001
  8.5003353e-001  7.3826324e-001
  8.4620780e-001  7.0771713e-001
  8.5535473e-001  7.7199307e-001
  8.6747415e-001  6.9516120e-001
  8.4626376e-001  7.4451320e-001
  8.5565300e-001  7.4715436e-001
  8.6843866e-001  7.2344323e-001
  8.5982526e-001  7.8823462e-001
  8.4803638e-001  7.5438907e-001
  8.4824998e-001  7.4047215e-001
  8.6646839e-001  7.3501895e-001
  8.4810769e-001  7.2341870e-001
  8.6551086e-001  7.6920369e-001
  8.5027180e-001  8.1205881e-001
  8.6911502e-001  7.2220434e-001
  8.5145197e-001  7.9286161e-001
  8.6473996e-001  7.4889500e-001
  8.5712653e-001  7.2534696e-001
  8.5956821e-001  7.6920888e-001
  8.6146533e-001  8.1961645e-001
  8.6499613e-001  7.8236487e-001
  8.5104084e-001  8.0470927e-001
  8.5452200e-001  7.6520424e-001
  8.5144424e-001  8.0869847e-001
  8.4660060e-001  7.3830991e-001
  8.6919343e-001  7.8024406e-001
  8.6988989e-001  8.2099754e-001
  8.6749128e-001  8.1265078e-001
  8.5991222e-001  7.5420491e-001
  8.6230881e-001  7.6212168e-001
  8.5625404e-001  7.7356878e-001
  8.7026239e-001  7.6092497e-001
  8.7219376e-001  7.6410119e-001
  8.6504332e-001  7.5692152e-001
  8.6857027e-001  7.3324361e-001
  8.4528641e-001  7.7044179e-001
  8.7130254e-001  7.8252051e-001
  8.4725723e-001  8.0718238e-001
  8.6240056e-001  7.7805205e-001
  8.6296211e-001  7.4608675e-001
  8.6981572e-001  7.6867159e-001
  8.6360738e-001  7.7431881e-001
  8.6133692e-001  7.6117952e-001
  8.6127913e-001  7.7222714e-001
  8.7440019e-001  7.3466763e-001
  8.4913634e-001  8.0670949e-001
  5.6008677e-001  7.4825302e-001
  5.5587641e-001  7.4268818e-001
  5.4513971e-001  7.5483641e-001
  5.5173459e-001  7.6035415e-001
  5.7055166e-001  7.1829797e-001
  5.4605847e-001  7.1572957e-001
  5.6163919e-001  7.0224938e-001
  5.5686887e-001  6.3678412e-001
  5.7198038e-001  6.2499672e-001
  5.7270565e-001  6.1562916e-001
  5.6792980e-001  6.4273500e-001
  5.5794489e-001  6.6590820e-001
  5.6845870e-001  6.4051272e-001
  5.6938665e-001  5.7317453e-001
  5.5814011e-001  5.5104202e-001
  5.5889126e-001  6.1423968e-001
  5.4792741e-001  5.4078142e-001
  5.6253992e-001  5.7427318e-001
  5.4903393e-001  5.2837994e-001
  5.7130990e-001  5.0824824e-001
  5.7277810e-001  4.9781552e-001
  5.7019774e-001  5.2863244e-001
  5.5830406e-001  5.1315780e-001
  5.5325749e-001  5.0179514e-001
  5.6806776e-001  5.6669223e-001
  5.4549051e-001  4.9011940e-001
  5.4581414e-001  5.1973737e-001
  5.6164815e-001  5.2727922e-001
  5.4713781e-001  5.1013720e-001
  5.7254922e-001  4.9049685e-001
  5.4538726e-001  4.9564507e-001
  5.6023405e-001  4.8308077e-001
  5.6241631e-001  4.8305025e-001
  5.5753372e-001  4.9694248e-001
  5.6862197e-001  5.3629760e-001
  5.5459120e-001  5.0965506e-001
  5.4490838e-001  4.7095568e-001
  5.4859713e-001  5.1966937e-001
  5.5442410e-001  5.3252974e-001
  5.6545413e-001  5.0084835e-001
  5.4931847e-001  5.1947016e-001
  5.5633503e-001  5.4127846e-001
  5.4893622e-001  4.7136568e-001
  5.5169134e-001  5.1619421e-001
  5.6926684e-001  5.1130883e-001
  5.6072237e-001  4.6995208e-001
  5.4939432e-001  5.3239540e-001
  5.5752106e-001  4.9250257e-001
  5.6422355e-001  5.3895100e-001
  5.5118560e-001  5.4151632e-001
  5.6575565e-001  5.0850432e-001
  5.5920188e-001  5.2303728e-001
  5.4665911e-001  5.5298123e-001
  5.4692758e-001  4.8172247e-001
  5.5786481e-001  5.2395921e-001
  5.4372830e-001  4.9241134e-001
  5.4968347e-001  5.2287263e-001
  5.5368761e-001  5.2558965e-001
  5.4790077e-001  4.5490329e-001
  5.6575690e-001  5.1173314e-001
  5.6789359e-001  4.9674094e-001
  5.4616848e-001  5.1112837e-001
  5.5335826e-001  4.8164196e-001
  5.4325731e-001  5.3177333e-001
  5.6168667e-001  4.6120190e-001
  5.4944035e-001  5.1265552e-001
  5.4690508e-001  4.9885417e-001
  5.6893855e-001  4.9980096e-001
  5.4866290e-001  5.4068802e-001
 -4.4497198e-001  5.2834758e-001
 -4.3336960e-001  4.5775938e-001
 -4.2624485e-001  4.5547718e-001
 -4.2205426e-001  3.7145543e-001
 -4.3718322e-001  1.7986139e-001
 -4.3090334e-001  1.3442515e-001
 -4.4065325e-001 -1.6263279e-002
 -4.2176380e-001 -2.0415262e-001
 -4.4685036e-001 -3.1571407e-001
 -4.3020482e-001 -3.8615413e-001
 -4.4084469e-001 -5.0691348e-001
 -4.2242367e-001 -6.4878347e-001
 -4.2485499e-001 -6.9452368e-001
 -4.3666411e-001 -7.9798539e-001
 -4.3131683e-001 -9.2179438e-001
 -4.4552128e-001 -9.2485424e-001
 -4.3046175e-001 -1.0566262e+000
 -4.3674736e-001 -1.0172549e+000
 -4.4648813e-001 -1.1344828e+000
 -4.3584009e-001 -1.1337364e+000
 -4.3290522e-001 -1.1717411e+000
 -4.4483555e-001 -1.2050802e+000
 -4.4337434e-001 -1.2788465e+000
 -4.2298950e-001 -1.2233089e+000
 -4.2455071e-001 -1.2738672e+000
 -4.3638633e-001 -1.3346936e+000
 -4.2354567e-001 -1.3600254e+000
 -4.2375085e-001 -1.3424946e+000
 -4.2626228e-001 -1.3159513e+000
 -4.3191439e-001 -1.3369715e+000
 -4.4736160e-001 -1.3605375e+000
 -4.3539247e-001 -1.3522110e+000
 -4.2461129e-001 -1.3696794e+000
 -4.3296573e-001 -1.3856863e+000
 -4.2969635e-001 -1.4246803e+000
 -4.3424184e-001 -1.4154879e+000
 -4.2986189e-001 -1.4619056e+000
 -4.2752049e-001 -1.4464982e+000
 -4.4072495e-001 -1.4007442e+000
 -4.3217104e-001 -1.4696119e+000
 -4.3489849e-001 -1.4246235e+000
 -4.3001735e-001 -1.3872248e+000
 -4.1881658e-001 -1.3905981e+000
 -4.4202851e-001 -1.4499250e+000
 -4.2699364e-001 -1.4722391e+000
 -4.3578342e-001 -1.4806470e+000
 -4.2584697e-001 -1.4096801e+000
 -4.2807368e-001 -1.4238061e+000
 -4.4277522e-001 -1.4474080e+000
 -4.3366226e-001 -1.4362094e+000
 -4.2241335e-001 -1.4034106e+000
 -4.3409059e-001 -1.4045609e+000
 -4.3563331e-001 -1.4831197e+000
 -4.2812798e-001 -1.4868058e+000
 -4.2984946e-001 -1.4688576e+000
 -4.1831573e-001 -1.4447921e+000
 -4.3709112e-001 -1.4619543e+000
 -4.2247696e-001 -1.4354432e+000
 -4.2426472e-001 -1.4101936e+000
 -4.4258661e-001 -1.4966582e+000
 -4.3740535e-001 -1.4015825e+000
 -4.4515515e-001 -1.4137101e+000
 -4.2000106e-001 -1.4890143e+000
 -4.4601978e-001 -1.4097386e+000
 -4.3725252e-001 -1.4475872e+000
 -4.2379464e-001 -1.4065738e+000
 -4.4578240e-001 -1.4789695e+000
 -4.3959976e-001 -1.4268233e+000
 -4.2681578e-001 -1.4313524e+000
 -9.1265483e-001 -1.4308383e+000
 -9.0118298e-001 -1.4951989e+000
 -9.0891970e-001 -1.5162228e+000
 -9.0928519e-001 -1.7235504e+000
 -9.1075277e-001 -1.9471934e+000
 -9.1291774e-001 -2.1558143e+000
 -9.2411922e-001 -2.3187558e+000
 -9.2534553e-001 -2.5530564e+000
 -9.2940454e-001 -2.7005613e+000
 -9.1220487e-001 -2.8896634e+000
 -9.1607210e-001 -3.1321474e+000
 -9.1257008e-001 -3.3188748e+000
 -9.0399200e-001 -3.3990569e+000
 -9.0465518e-001 -3.5685322e+000
 -9.0305759e-001 -3.7283185e+000
 -9.1876230e-001 -3.7521716e+000
 -9.2786194e-001 -3.9016501e+000
 -9.0949558e-001 -3.9741352e+000
 -9.0280620e-001 -4.0765553e+000
 -9.2548162e-001 -4.1420940e+000
 -9.1318291e-001 -4.1561668e+000
 -9.0221275e-001 -4.2120682e+000
 -9.1170042e-001 -4.2965579e+000
 -9.0443004e-001 -4.2841754e+000
 -9.3009859e-001 -4.3683746e+000
 -9.2829973e-001 -4.3967216e+000
 -9.0859928e-001 -4.4097861e+000
 -9.0618227e-001 -4.3899576e+000
 -9.2245730e-001 -4.4107864e+000
 -9.2584443e-001 -4.4713233e+000
 -9.2768665e-001 -4.4806960e+000
 -9.0151249e-001 -4.4957808e+000
 -9.2964074e-001 -4.5427128e+000
 -9.0432367e-001 -4.4921895e+000
 -9.0207752e-001 -4.5219632e+000
 -9.2025391e-001 -4.5100520e+000
 -9.2274233e-001 -4.5639668e+000
 -9.0207582e-001 -4.5691836e+000
 -9.0429829e-001 -4.5384414e+000
 -9.1815050e-001 -4.5211975e+000
 -9.1147960e-001 -4.5634615e+000
 -9.2885243e-001 -4.5973185e+000
 -9.1819725e-001 -4.5440730e+000
 -9.1750207e-001 -4.5674207e+000
 -9.2710455e-001 -4.5799139e+000
 -9.1891477e-001 -4.6177968e+000
 -9.1355456e-001 -4.5692864e+000
 -9.1385120e-001 -4.5623552e+000
 -9.2170382e-001 -4.5545941e+000
 -9.2360929e-001 -4.5504088e+000
 -9.1787613e-001 -4.5837698e+000
 -9.1472535e-001 -4.6033345e+000
 -9.1328839e-001 -4.5618317e+000
 -9.1201944e-001 -4.6268581e+000
 -9.0934633e-001 -4.6165482e+000
 -9.1584423e-001 -4.5451467e+000
 -9.2249839e-001 -4.5862176e+000
 -9.1990513e-001 -4.6139672e+000
 -9.2161620e-001 -4.5972082e+000
 -9.1544397e-001 -4.5991963e+000
 -9.2481211e-001 -4.6180752e+000
 -9.2821097e-001 -4.5763735e+000
 -9.0719441e-001 -4.6126292e+000
 -9.1597701e-001 -4.5706765e+000
 -9.1403459e-001 -4.6100102e+000
 -9.1899388e-001 -4.5629533e+000
 -9.0125079e-001 -4.5590107e+000
 -9.0968032e-001 -4.6009256e+000
 -9.2265254e-001 -4.5791613e+000
  7.1226329e-001 -4.6189963e+000
  7.3186814e-001 -4.6159778e+000
  7.2653767e-001 -4.4181208e+000
  7.3881920e-001 -4.1606282e+000
  7.1478598e-001 -3.8350956e+000
  7.4066733e-001 -3.5187871e+000
  7.1481953e-001 -3.1631588e+000
  7.2909413e-001 -2.7786339e+000
  7.2134797e-001 -2.4680570e+000
  7.1544280e-001 -2.1164189e+000
  7.1234166e-001 -1.8761710e+000
  7.1473631e-001 -1.5509723e+000
  7.3454824e-001 -1.3560995e+000
  7.1362790e-001 -1.1037217e+000
  7.1771370e-001 -9.2305102e-001
  7.2219491e-001 -7.4845390e-001
  7.1665161e-001 -5.2980165e-001
  7.1329076e-001 -4.1547880e-001
  7.2123324e-001 -2.9453871e-001
  7.1542104e-001 -2.1923252e-001
  7.3991762e-001 -5.7906982e-002
  7.3578624e-001  4.2268173e-003
  7.1484941e-001  9.7354210e-002
  7.3824890e-001  1.0267864e-001
  7.2791902e-001  1.5477322e-001
  7.2368753e-001  2.4938176e-001
  7.2697364e-001  3.2399831e-001
  7.1937743e-001  3.3445901e-001
  7.2946966e-001  3.9023286e-001
  7.3766793e-001  3.6053756e-001
  7.1550392e-001  3.8745442e-001
  7.3639159e-001  4.8919795e-001
  7.3400284e-001  4.8201644e-001
  7.1685058e-001  5.2382377e-001
  7.3179973e-001  5.0323110e-001
  7.1385582e-001  5.0504840e-001
  7.2139158e-001  5.5920256e-001
  7.2276283e-001  5.1607746e-001
  7.1304495e-001  5.1322752e-001
  7.2399338e-001  5.5108211e-001
  7.1656818e-001  5.7248997e-001
  7.1695177e-001  5.2001361e-001
  7.3932316e-001  6.1293205e-001
  7.3457252e-001  5.3889285e-001
  7.2752487e-001  5.7702577e-001
  7.4064738e-001  5.5197215e-001
  7.3383792e-001  6.2351812e-001
  7.1706607e-001  6.0177435e-001
  7.1769624e-001  5.7822598e-001
  7.1822037e-001  5.7517607e-001
  7.1337521e-001  5.9883689e-001
  7.4014910e-001  5.9810093e-001
  7.1495711e-001  6.3711588e-001
  7.4100825e-001  5.8329201e-001
  7.1216731e-001  6.5208945e-001
  7.3032271e-001  6.0792026e-001
  7.4108043e-001  6.0485990e-001
  7.3282477e-001  6.2881087e-001
  7.4035438e-001  5.7527944e-001
  7.2704082e-001  6.4607967e-001
  7.3024873e-001  6.2599106e-001
  7.3465514e-001  5.7039673e-001
  7.2684037e-001  6.2509461e-001
  7.1301195e-001  6.4017010e-001
  7.1409186e-001  6.1722899e-001
  7.3877967e-001  6.1653255e-001
  7.2293125e-001  5.8575396e-001
  7.2329530e-001  6.4804409e-001
  7.1587989e-001  6.3512275e-001
  8.9376576e-001  5.8543404e-001
  8.7584210e-001  5.7576257e-001
  8.8139388e-001  6.2159684e-001
  8.7873982e-001  6.6102824e-001
  8.8547286e-001  6.1416883e-001
  8.9032885e-001  6.1455869e-001
  8.8685978e-001  6.4258973e-001
  8.9895626e-001  7.3328370e-001
  8.7894608e-001  6.5235102e-001
  8.8942348e-001  7.5840825e-001
  8.9279979e-001  7.1298915e-001
  8.7723981e-001  7.2443483e-001
  8.8293819e-001  7.6750589e-001
  8.9570563e-001  7.2721000e-001
  8.8937569e-001  7.3492265e-001
  8.8616466e-001  7.7988967e-001
  8.8732821e-001  8.1272659e-001
  8.8578470e-001  7.5376574e-001
  8.9623096e-001  7.6841394e-001
  8.8384706e-001  7.9881624e-001
  8.8875771e-001  7.5074140e-001
  8.9939638e-001  8.1876022e-001
  8.8069263e-001  7.8776898e-001
  8.7479094e-001  8.4465072e-001
  8.8942289e-001  8.1777593e-001
  8.9004026e-001  8.0809743e-001
  8.8276127e-001  8.2699773e-001
  8.7658921e-001  7.6846912e-001
  8.7629012e-001  7.6844294e-001
  8.9541169e-001  7.7842251e-001
  8.9434726e-001  8.2216723e-001
  8.8920235e-001  8.1537113e-001
  8.8031482e-001  7.8224376e-001
  8.8946622e-001  7.8429459e-001
  8.8457488e-001  7.8448312e-001
  8.8913290e-001  8.0568274e-001
  8.8998383e-001  7.9891989e-001
  8.9347266e-001  8.1227463e-001
  8.7236339e-001  8.5794134e-001
  8.8462350e-001  8.0675357e-001
  8.9977767e-001  7.7751997e-001
  8.8314787e-001  8.3790236e-001
  8.8567792e-001  8.6578160e-001
  8.8357688e-001  8.1947361e-001
  8.8423297e-001  7.8391528e-001
  8.9876187e-001  8.4910252e-001
  8.8025083e-001  8.0581149e-001
  8.8775101e-001  8.0856480e-001
  8.7336412e-001  7.8895685e-001
  8.9951931e-001  7.8443265e-001
  8.7468001e-001  8.1695188e-001
  8.8230849e-001  8.6216569e-001
  8.9864721e-001  8.0995926e-001
  8.9918392e-001  8.6635642e-001
  8.9241460e-001  8.6695155e-001
  8.8562307e-001  8.7038084e-001
  8.8166608e-001  8.2147884e-001
  8.9872704e-001  7.7470140e-001
  8.8891009e-001  8.5716170e-001
  8.7966414e-001  7.7204156e-001
  8.8886956e-001  8.4746458e-001
  8.8784544e-001  7.9813351e-001
  8.8602609e-001  8.6007101e-001
  8.8486567e-001  8.1753556e-001
  8.8640707e-001  8.0691327e-001
  8.8510657e-001  8.4134574e-001
  8.8791285e-001  8.5816616e-001
  8.9087390e-001  8.3819290e-001
  8.8491477e-001  8.3446764e-001
 -8.5430438e-001  8.1864065e-001
 -8.6035628e-001  7.8072117e-001
 -8.3780153e-001  6.8732580e-001
 -8.5949490e-001  3.8664733e-001
 -8.5720089e-001  1.4939652e-001
 -8.5826694e-001 -2.1076509e-001
 -8.4190537e-001 -5.3352983e-001
 -8.4856407e-001 -8.6002181e-001
 -8.3682308e-001 -1.1971637e+000
 -8.5429941e-001 -1.4927553e+000
 -8.6381346e-001 -1.7862031e+000
 -8.4668703e-001 -2.0449934e+000
 -8.5147981e-001 -2.2911438e+000
 -8.4307561e-001 -2.4399361e+000
 -8.3841226e-001 -2.6397560e+000
 -8.4025438e-001 -2.8248763e+000
 -8.5547865e-001 -2.9584286e+000
 -8.5650613e-001 -3.1531506e+000
 -8.5864678e-001 -3.1892683e+000
 -8.6490957e-001 -3.3168542e+000
 -8.3853608e-001 -3.3704209e+000
 -8.4361607e-001 -3.4518195e+000
 -8.5713685e-001 -3.5487659e+000
 -8.4476673e-001 -3.6028875e+000
 -8.6233835e-001 -3.6847863e+000
 -8.3698505e-001 -3.6915110e+000
 -8.5661457e-001 -3.7584469e+000
 -8.5640688e-001 -3.7924362e+000
 -8.5039732e-001 -3.8780914e+000
 -8.3943806e-001 -3.8831426e+000
 -8.3613951e-001 -3.8525052e+000
 -8.5892043e-001 -3.9372960e+000
 -8.3554805e-001 -3.9604490e+000
 -8.4514885e-001 -3.9221409e+000
 -8.5681014e-001 -3.9402104e+000
 -8.3763950e-001 -3.9776742e+000
 -8.6454003e-001 -4.0036520e+000
 -8.6263609e-001 -4.0391491e+000
 -8.6049620e-001 -3.9751540e+000
 -8.4972939e-001 -4.0740410e+000
 -8.4873402e-001 -4.0640528e+000
 -8.3570323e-001 -3.9893294e+000
 -8.5377141e-001 -4.0141019e+000
 -8.5572940e-001 -4.0769937e+000
 -8.6084309e-001 -4.0172095e+000
 -8.6080525e-001 -4.0118287e+000
 -8.5470583e-001 -4.0975158e+000
 -8.4411262e-001 -4.0957213e+000
 -8.5872597e-001 -4.0588408e+000
 -8.6133297e-001 -4.0300391e+000
 -8.4306231e-001 -4.0704017e+000
 -8.3768150e-001 -4.0681111e+000
 -8.3559919e-001 -4.0202209e+000
 -8.4822677e-001 -4.1021437e+000
 -8.4621732e-001 -4.0945558e+000
 -8.4869623e-001 -4.0853415e+000
 -8.3846533e-001 -4.1193236e+000
 -8.6483398e-001 -4.1127000e+000
 -8.5469963e-001 -4.0758824e+000
 -8.6108851e-001 -4.0949687e+000
 -8.5247587e-001 -4.1040627e+000
 -8.4624955e-001 -4.1232149e+000
 -8.6539534e-001 -4.1252078e+000
 -8.5021161e-001 -4.0943996e+000
 -8.5389936e-001 -4.0777632e+000
 -8.5204559e-001 -4.0494261e+000
 -8.6167356e-001 -4.0946523e+000
 -8.5793802e-001 -4.0479968e+000
 -8.5049399e-001 -4.0405320e+000
 -4.4036959e-001 -4.0966178e+000
 -4.3404967e-001 -4.0588440e+000
 -4.4204783e-001 -3.9540553e+000
 -4.2937708e-001 -3.8240857e+000
 -4.2919266e-001 -3.6901926e+000
 -4.1851313e-001 -3.5611908e+000
 -4.4028208e-001 -3.3779938e+000
 -4.4678737e-001 -3.1789825e+000
 -4.4020285e-001 -3.0363208e+000
 -4.2029110e-001 -2.8341720e+000
 -4.3186623e-001 -2.7288650e+000
 -4.3200241e-001 -2.5270381e+000
 -4.2577338e-001 -2.4017815e+000
 -4.3048525e-001 -2.3222150e+000
 -4.2715455e-001 -2.2196871e+000
 -4.4184477e-001 -2.1150230e+000
 -4.3580222e-001 -2.0656869e+000
 -4.3990947e-001 -1.9574992e+000
 -4.2047029e-001 -1.9499889e+000
 -4.2522624e-001 -1.8944485e+000
 -4.1913578e-001 -1.8319472e+000
 -4.4584201e-001 -1.7756929e+000
 -4.3055938e-001 -1.7640485e+000
 -4.2880649e-001 -1.7232088e+000
 -4.3047770e-001 -1.6860439e+000
 -4.4191929e-001 -1.5960986e+000
 -4.3332695e-001 -1.5886251e+000
 -4.1886422e-001 -1.5942454e+000
 -4.4827069e-001 -1.5646409e+000
 -4.3407419e-001 -1.6078889e+000
 -4.3048905e-001 -1.5741337e+000
 -4.3387760e-001 -1.5467601e+000
 -4.2106170e-001 -1.5036253e+000
 -4.4159734e-001 -1.5097672e+000
 -4.3873773e-001 -1.4619491e+000
 -4.4687695e-001 -1.4544564e+000
 -4.3148008e-001 -1.4760007e+000
 -4.2293892e-001 -1.4861328e+000
 -4.2600393e-001 -1.5163069e+000
 -4.3396600e-001 -1.5262713e+000
 -4.3426427e-001 -1.5222041e+000
 -4.4014022e-001 -1.4341181e+000
 -4.3140621e-001 -1.4966434e+000
 -4.2447115e-001 -1.5126276e+000
 -4.3305197e-001 -1.5001244e+000
 -4.1857338e-001 -1.4776623e+000
 -4.2808516e-001 -1.4382540e+000
 -4.3555899e-001 -1.4278907e+000
 -4.3174665e-001 -1.4430171e+000
 -4.4116175e-001 -1.4371479e+000
 -4.3860077e-001 -1.4789234e+000
 -4.2332020e-001 -1.4520185e+000
 -4.2531357e-001 -1.4341631e+000
 -4.2031643e-001 -1.4127172e+000
 -4.2155928e-001 -1.4441681e+000
 -4.2095669e-001 -1.4621919e+000
 -4.2276948e-001 -1.4980236e+000
 -4.1907936e-001 -1.4077343e+000
 -4.3426530e-001 -1.4661592e+000
 -4.2027491e-001 -1.4907877e+000
 -4.1858875e-001 -1.4355638e+000
 -4.4341598e-001 -1.4823179e+000
 -4.2090948e-001 -1.4761337e+000
 -4.3694054e-001 -1.4664806e+000
 -4.2098042e-001 -1.4635169e+000
 -4.4739518e-001 -1.4527467e+000
 -4.2583407e-001 -1.4290587e+000
 -4.4318715e-001 -1.4148240e+000
 -4.4280518e-001 -1.4497022e+000
 -8.9744555e-001 -1.4076181e+000
 -8.7795297e-001 -1.4303728e+000
 -8.9855408e-001 -1.5440804e+000
 -8.7802465e-001 -1.7032827e+000
 -8.9521134e-001 -1.8568226e+000
 -8.9042068e-001 -2.0533205e+000
 -8.9821554e-001 -2.2271474e+000
 -9.0155512e-001 -2.4417679e+000
 -8.7415693e-001 -2.6689116e+000
 -8.9018445e-001 -2.7950419e+000
 -8.9415244e-001 -2.9921838e+000
 -8.8742972e-001 -3.1152697e+000
 -8.9184234e-001 -3.2899845e+000
 -8.9250607e-001 -3.3679690e+000
 -8.9613860e-001 -3.4965759e+000
 -8.8714099e-001 -3.6151067e+000
 -8.8678086e-001 -3.6795109e+000
 -8.9286264e-001 -3.8224755e+000
 -8.7743227e-001 -3.8872447e+000
 -8.7996832e-001 -3.8934807e+000
 -8.9658593e-001 -3.9453013e+000
 -8.9243901e-001 -3.9786857e+000
 -8.8106439e-001 -4.0751775e+000
 -8.9111093e-001 -4.0948984e+000
 -8.9762284e-001 -4.1110229e+000
 -8.9687281e-001 -4.1976606e+000
 -8.8066085e-001 -4.1545499e+000
 -8.7281566e-001 -4.1729656e+000
 -8.7624133e-001 -4.2252014e+000
 -8.9103790e-001 -4.2545361e+000
 -8.8358800e-001 -4.2114487e+000
 -8.7581254e-001 -4.2975435e+000
 -8.7709329e-001 -4.3202169e+000
 -8.7600701e-001 -4.2837177e+000
 -8.8733212e-001 -4.3320687e+000
 -8.8091128e-001 -4.2826557e+000
 -8.9618295e-001 -4.2678031e+000
 -8.9690765e-001 -4.3467670e+000
 -8.7186089e-001 -4.3457802e+000
 -8.9972520e-001 -4.3545189e+000
 -8.7193061e-001 -4.3345985e+000
 -8.9517875e-001 -4.3661666e+000
 -8.7514187e-001 -4.3567995e+000
 -8.9159229e-001 -4.3770320e+000
 -8.9221517e-001 -4.3482598e+000
 -8.9239490e-001 -4.3308911e+000
 -8.8031540e-001 -4.3905619e+000
 -8.8179839e-001 -4.3647679e+000
 -8.8016966e-001 -4.3799154e+000
 -8.9856958e-001 -4.3147674e+000
 -8.8069442e-001 -4.3480401e+000
 -8.9929120e-001 -4.3159429e+000
 -8.7497292e-001 -4.3695912e+000
 -8.8089238e-001 -4.3072336e+000
 -8.8861454e-001 -4.3243170e+000
 -8.8199906e-001 -4.3209109e+000
 -8.7326596e-001 -4.3905166e+000
 -8.7857717e-001 -4.3771424e+000
 -8.7520820e-001 -4.3339905e+000
 -8.9141956e-001 -4.3240714e+000
 -8.9232884e-001 -4.3100380e+000
 -8.8647812e-001 -4.3934295e+000
 -8.8633310e-001 -4.3221704e+000
 -8.8425338e-001 -4.3323433e+000
 -8.9262520e-001 -4.3393518e+000
 -8.9448720e-001 -4.3601923e+000
 -8.8021572e-001 -4.3873963e+000
 -8.7861169e-001 -4.3393454e+000
 -8.7797158e-001 -4.3983214e+000
 -5.7721906e-001 -4.3829763e+000
 -5.9766564e-001 -4.3642304e+000
 -5.9052987e-001 -4.3348958e+000
 -5.7966549e-001 -4.2058619e+000
 -5.8256017e-001 -4.0601940e+000
 -5.7797634e-001 -3.9411847e+000
 -5.7064276e-001 -3.8037636e+000
 -5.8700917e-001 -3.6168423e+000
 -5.7287674e-001 -3.4456174e+000
 -5.9709933e-001 -3.3335318e+000
 -5.7500339e-001 -3.2383184e+000
 -5.8899713e-001 -3.1696182e+000
 -5.7585643e-001 -3.0647174e+000
 -5.9725984e-001 -2.9470672e+000
 -5.8185837e-001 -2.9185508e+000
 -5.8259644e-001 -2.7539194e+000
 -5.7513619e-001 -2.7661658e+000
 -5.8776635e-001 -2.6835816e+000
 -5.8309189e-001 -2.6093294e+000
 -5.7061692e-001 -2.5957017e+000
 -5.9548624e-001 -2.5708513e+000
 -5.8828160e-001 -2.5353676e+000
 -5.9479477e-001 -2.4999796e+000
 -5.8145765e-001 -2.4078866e+000
 -5.8274207e-001 -2.4225535e+000
 -5.8903918e-001 -2.4426683e+000
 -5.9028252e-001 -2.4372586e+000
 -5.8201430e-001 -2.3936586e+000
 -5.7504764e-001 -2.3784397e+000
 -5.8717265e-001 -2.3532220e+000
 -5.7845932e-001 -2.3335492e+000
 -5.7185788e-001 -2.2930074e+000
 -5.9570681e-001 -2.3483658e+000
 -5.9568837e-001 -2.3099085e+000
 -5.8027116e-001 -2.3051769e+000
 -5.9544384e-001 -2.3338697e+000
 -5.7823287e-001 -2.3284431e+000
 -5.9606269e-001 -2.2434341e+000
 -5.8437523e-001 -2.2522993e+000
 -5.8681035e-001 -2.2713848e+000
 -5.7209515e-001 -2.2767697e+000
 -5.8362958e-001 -2.3202164e+000
 -5.7895849e-001 -2.2659601e+000
 -5.9285778e-001 -2.3023924e+000
 -5.8317672e-001 -2.2702104e+000
 -5.8357926e-001 -2.2354708e+000
 -5.8252417e-001 -2.2381050e+000
 -5.9493537e-001 -2.2746709e+000
 -5.7263815e-001 -2.3042857e+000
 -5.9541945e-001 -2.2769627e+000
 -5.9414364e-001 -2.2502364e+000
 -5.8662391e-001 -2.2830369e+000
 -5.8416501e-001 -2.3009618e+000
 -5.7386946e-001 -2.2728339e+000
 -5.7072628e-001 -2.2963622e+000
 -5.7630428e-001 -2.2295509e+000
 -5.8219563e-001 -2.2874707e+000
 -5.8213505e-001 -2.2455502e+000
 -5.8450642e-001 -2.2809559e+000
 -5.8779273e-001 -2.2490531e+000
 -5.9667745e-001 -2.2699614e+000
 -5.8125560e-001 -2.2406594e+000
 -5.8191822e-001 -2.2629810e+000
 -5.9311325e-001 -2.2427481e+000
 -5.8044661e-001 -2.2669691e+000
 -5.8911989e-001 -2.2688230e+000
 -5.8902915e-001 -2.2591603e+000
 -5.8731360e-001 -2.3038311e+000
 -5.8029512e-001 -2.3118277e+000
 -5.1178907e-002 -2.2539668e+000
 -5.8489214e-002 -2.2376614e+000
 -5.6831895e-002 -2.2288405e+000
 -4.0705459e-002 -2.1152937e+000
 -6.1716055e-002 -1.9125206e+000
 -6.2732124e-002 -1.8018286e+000
 -5.3857426e-002 -1.6270071e+000
 -6.1809997e-002 -1.5147571e+000
 -4.9091466e-002 -1.4169753e+000
 -3.9731771e-002 -1.2348152e+000
 -5.7719636e-002 -1.1054431e+000
 -4.6475063e-002 -9.9790040e-001
 -6.1861582e-002 -9.2597179e-001
 -6.3212573e-002 -8.3973361e-001
 -3.6104851e-002 -7.3462192e-001
 -5.0756908e-002 -6.6744350e-001
 -3.5806249e-002 -5.5005305e-001
 -4.0113789e-002 -5.8074846e-001
 -5.0388788e-002 -4.5799853e-001
 -3.9536863e-002 -4.2048822e-001
 -5.7819635e-002 -3.7664438e-001
 -3.6207719e-002 -4.0582572e-001
 -5.5539694e-002 -3.5504764e-001
 -3.6817884e-002 -2.6319326e-001
 -5.5189432e-002 -3.0261275e-001
 -4.1799165e-002 -2.2266511e-001
 -5.4035024e-002 -2.4702174e-001
 -5.7896985e-002 -2.3245736e-001
 -6.4347975e-002 -2.3951115e-001
 -3.4432236e-002 -1.9280094e-001
 -5.1943888e-002 -2.1756218e-001
 -4.4890529e-002 -1.8735265e-001
 -4.2454296e-002 -2.1353056e-001
 -4.2191642e-002 -1.8085119e-001
 -5.6186681e-002 -1.5358478e-001
 -5.9991917e-002 -1.3059794e-001
 -5.6888652e-002 -1.4597565e-001
 -4.7960425e-002 -9.3241541e-002
 -3.5887840e-002 -1.0751581e-001
 -5.2209321e-002 -8.5467425e-002
 -6.1753848e-002 -1.1206116e-001
 -5.6092127e-002 -1.6201082e-001
 -5.4361840e-002 -9.5090262e-002
 -4.7507758e-002 -1.5849633e-001
 -4.5914134e-002 -1.2243658e-001
 -3.7625279e-002 -6.6266473e-002
 -5.9226166e-002 -7.3850612e-002
 -4.0329718e-002 -1.1138162e-001
 -6.2173842e-002 -9.8347150e-002
 -6.3364485e-002 -1.1077716e-001
 -4.4637425e-002 -1.2619785e-001
 -5.5294584e-002 -1.5836815e-001
 -4.4949482e-002 -7.4050372e-002
 -5.1184111e-002 -1.1026621e-001
 -4.7204904e-002 -6.2010958e-002
 -5.4260802e-002 -9.7999612e-002
 -5.6478093e-002 -1.3015486e-001
 -3.7582385e-002 -1.4920917e-001
 -4.6165664e-002 -1.4764841e-001
 -5.1931737e-002 -8.9169443e-002
 -3.5596799e-002 -7.7535899e-002
 -5.5780271e-002 -1.3534004e-001
 -3.7646533e-002 -1.1240688e-001
 -5.3001619e-002 -8.9484795e-002
 -3.6710317e-002 -5.9755192e-002
 -4.6837875e-002 -8.3072719e-002
 -5.3899269e-002 -1.1935962e-001
 -5.5531486e-002 -1.1240661e-001
 -5.4223055e-002 -1.3656634e-001
  5.5999959e-002 -1.2278418e-001
  4.1244104e-002 -1.3939568e-001
  6.0339641e-002 -1.3045810e-001
  4.5376087e-002 -1.0361901e-001
  4.5829660e-002 -5.2801434e-002
  4.8800708e-002 -8.0939607e-002
  4.6466697e-002 -4.5276652e-002
  4.3970359e-002 -5.7801155e-002
  4.4043937e-002 -1.9974733e-002
  4.8270590e-002  3.7117995e-002
  3.9235977e-002 -4.2743496e-002
  6.0968216e-002 -1.3580883e-002
  4.3782231e-002 -7.5747869e-003
  4.2733486e-002  7.1024670e-003
  4.4753338e-002  6.9348642e-002
  3.9326852e-002  2.7094985e-002
  5.9517500e-002  2.1713889e-002
  4.3595603e-002  2.1531002e-002
  5.5600802e-002  4.0843477e-002
  3.9460872e-002  4.9569004e-002
  6.0647515e-002  4.9989046e-002
  3.7515591e-002  4.8675033e-002
  4.1236584e-002  5.3316063e-002
  5.3765818e-002  6.4502181e-002
  4.2948471e-002  1.1482771e-001
  5.7184357e-002  1.0091082e-001
  4.4465097e-002  1.0672546e-001
  4.9334112e-002  5.7606124e-002
  5.5198071e-002  4.7696195e-002
  4.3840720e-002  6.6630654e-002
  5.3165177e-002  1.2067510e-001
  4.2015563e-002  8.5210852e-002
  5.0719488e-002  5.9326250e-002
  4.4818843e-002  9.5695220e-002
  4.5107889e-002  1.1564459e-001
  5.4983674e-002  1.1261306e-001
  5.9266731e-002  1.1406633e-001
  4.8192573e-002  1.1682210e-001
  6.4947236e-002  8.6876736e-002
  5.9501872e-002  6.4519906e-002
  4.7084687e-002  1.3533869e-001
  6.0454653e-002  1.4204764e-001
  4.3273512e-002  1.2013465e-001
  6.0282628e-002  1.0868514e-001
  5.9629966e-002  1.1719833e-001
  4.6648880e-002  9.0618831e-002
  5.3102599e-002  9.6199077e-002
  5.1235201e-002  7.8759646e-002
  5.1587046e-002  1.3690364e-001
  3.9995780e-002  9.0388927e-002
  4.5808163e-002  9.8964845e-002
  4.1460846e-002  4.4679998e-002
  5.2206844e-002  7.4593136e-002
  5.5327391e-002  9.8985485e-002
  4.9938273e-002  7.0679869e-002
  6.1899349e-002  1.0635984e-001
  4.4114699e-002  1.4316194e-001
  4.2880474e-002  1.3297800e-001
  4.0563720e-002  1.3172905e-001
  6.2379561e-002  1.1971865e-001
  3.8862450e-002  1.1360735e-001
  6.2785650e-002  1.1228080e-001
  3.8670267e-002  9.6387370e-002
  6.6427385e-002  8.7100664e-002
  5.1936717e-002  1.1603324e-001
  5.0223685e-002  7.8359443e-002
  5.0043165e-002  5.4460396e-002
  4.5699527e-002  1.4434441e-001
  4.6624404e-002  1.1507768e-001
 -5.6001946e-001  9.6293167e-002
 -5.5974685e-001  5.3169376e-002
 -5.8752493e-001  6.3547476e-002
 -5.7702617e-001 -9.7650520e-002
 -5.7327432e-001 -2.3219606e-001
 -5.8052538e-001 -4.3876934e-001
 -5.8175955e-001 -5.8858230e-001
 -5.7907486e-001 -7.1149319e-001
 -5.6673048e-001 -8.8808428e-001
 -5.8421535e-001 -1.0071691e+000
 -5.8962400e-001 -1.1549070e+000
 -5.7493507e-001 -1.2595160e+000
 -5.8122654e-001 -1.3163091e+000
 -5.7715168e-001 -1.4314204e+000
 -5.6295982e-001 -1.5169195e+000
 -5.8944914e-001 -1.6634981e+000
 -5.6402687e-001 -1.6779772e+000
 -5.7887131e-001 -1.7432691e+000
 -5.7384010e-001 -1.7577702e+000
 -5.6498512e-001 -1.8107525e+000
 -5.6129146e-001 -1.8698039e+000
 -5.8521179e-001 -1.9598038e+000
 -5.6075341e-001 -1.9465363e+000
 -5.6488927e-001 -2.0299818e+000
 -5.7143791e-001 -2.0362006e+000
 -5.7972465e-001 -2.0864386e+000
 -5.6704424e-001 -2.0938532e+000
 -5.6375015e-001 -2.1087134e+000
 -5.7590867e-001 -2.1236817e+000
 -5.7535448e-001 -2.1003401e+000
 -5.8855182e-001 -2.1639305e+000
 -5.6384215e-001 -2.1751454e+000
 -5.7563028e-001 -2.1730441e+000
 -5.7459839e-001 -2.1259570e+000
 -5.6651947e-001 -2.1344030e+000
 -5.6382694e-001 -2.1682111e+000
 -5.8652306e-001 -2.1343612e+000
 -5.7369688e-001 -2.2053518e+000
 -5.5975425e-001 -2.1332473e+000
 -5.6836715e-001 -2.2297143e+000
 -5.6817233e-001 -2.2220877e+000
 -5.6923121e-001 -2.1721588e+000
 -5.7151336e-001 -2.1529674e+000
 -5.7642687e-001 -2.1470068e+000
 -5.8526865e-001 -2.1483025e+000
 -5.7899941e-001 -2.1908052e+000
 -5.8328838e-001 -2.2355910e+000
 -5.8343734e-001 -2.1683933e+000
 -5.6867775e-001 -2.1720656e+000
 -5.8421902e-001 -2.1728947e+000
 -5.7545932e-001 -2.1808511e+000
 -5.6459761e-001 -2.1743936e+000
 -5.6397465e-001 -2.2520871e+000
 -5.6237545e-001 -2.1718153e+000
 -5.6689561e-001 -2.2484805e+000
 -5.8735642e-001 -2.1598796e+000
 -5.6210185e-001 -2.2388494e+000
 -5.6815305e-001 -2.1818953e+000
 -5.6933646e-001 -2.2394510e+000
 -5.7347700e-001 -2.2488281e+000
 -5.5992784e-001 -2.2168981e+000
 -5.8589170e-001 -2.2098059e+000
 -5.6285751e-001 -2.2457122e+000
 -5.8887163e-001 -2.2283458e+000
 -5.7638480e-001 -2.1840551e+000
 -5.8924332e-001 -2.2199768e+000
 -5.6898192e-001 -2.2176726e+000
 -5.7009606e-001 -2.2470380e+000
 -5.7324762e-001 -2.1602328e+000
 -6.3393305e-001 -2.1929125e+000
 -6.4810069e-001 -2.1766647e+000
 -6.5037069e-001 -2.2033462e+000
 -6.5029652e-001 -2.2036973e+000
 -6.3882718e-001 -2.2251129e+000
 -6.5259753e-001 -2.3106872e+000
 -6.2698647e-001 -2.2965585e+000
 -6.5053268e-001 -2.3628753e+000
 -6.4015041e-001 -2.3925385e+000
 -6.2893848e-001 -2.4211225e+000
 -6.4561396e-001 -2.3843827e+000
 -6.5389745e-001 -2.4352081e+000
 -6.4751266e-001 -2.4647777e+000
 -6.4356901e-001 -2.4825436e+000
 -6.2770107e-001 -2.4564592e+000
 -6.2936856e-001 -2.4804938e+000
 -6.3327512e-001 -2.5049234e+000
 -6.5131968e-001 -2.5440092e+000
 -6.4116772e-001 -2.5688968e+000
 -6.4314224e-001 -2.5851002e+000
 -6.3688285e-001 -2.5850761e+000
 -6.2679768e-001 -2.5296029e+000
 -6.3806357e-001 -2.6100667e+000
 -6.3675555e-001 -2.5324191e+000
 -6.3453249e-001 -2.6072102e+000
 -6.4740001e-001 -2.5911693e+000
 -6.3887813e-001 -2.6298919e+000
 -6.5070625e-001 -2.5462791e+000
 -6.3626384e-001 -2.6354693e+000
 -6.3898909e-001 -2.5584590e+000
 -6.5292511e-001 -2.6128060e+000
 -6.5410408e-001 -2.6382906e+000
 -6.4927064e-001 -2.6206724e+000
 -6.4866561e-001 -2.5811199e+000
 -6.4193842e-001 -2.6236897e+000
 -6.3983072e-001 -2.6362299e+000
 -6.5442394e-001 -2.6397656e+000
 -6.3415834e-001 -2.5923810e+000
 -6.5062973e-001 -2.5636147e+000
 -6.2536084e-001 -2.6377603e+000
 -6.2619513e-001 -2.5780035e+000
 -6.4255687e-001 -2.6325557e+000
 -6.4753085e-001 -2.6348238e+000
 -6.4055490e-001 -2.6356255e+000
 -6.2673603e-001 -2.5725154e+000
 -6.4924070e-001 -2.6065180e+000
 -6.5300959e-001 -2.5662479e+000
 -6.4887656e-001 -2.6230308e+000
 -6.4713715e-001 -2.6268791e+000
 -6.5374087e-001 -2.6312025e+000
 -6.2751023e-001 -2.5597276e+000
 -6.4461070e-001 -2.5686817e+000
 -6.3608249e-001 -2.5970562e+000
 -6.2607329e-001 -2.6505642e+000
 -6.5451268e-001 -2.6023800e+000
 -6.4257031e-001 -2.5561544e+000
 -6.2826221e-001 -2.5869231e+000
 -6.2873638e-001 -2.5693112e+000
 -6.3065416e-001 -2.6377701e+000
 -6.4111397e-001 -2.6166095e+000
 -6.4795022e-001 -2.6465817e+000
 -6.3551341e-001 -2.5610288e+000
 -6.4937990e-001 -2.5568892e+000
 -6.4856966e-001 -2.5809051e+000
 -6.5084093e-001 -2.5997962e+000
 -6.2505803e-001 -2.5774659e+000
 -6.3045750e-001 -2.5828439e+000
 -6.3531149e-001 -2.6243429e+000
 -6.3728800e-001 -2.6271708e+000
  4.7892114e-001 -2.6370678e+000
  4.7405678e-001 -2.5875260e+000
  4.7695521e-001 -2.5425481e+000
  4.7102755e-001 -2.3740094e+000
  4.6836770e-001 -2.1680791e+000
  4.8665882e-001 -1.9458767e+000
  4.8854863e-001 -1.7835126e+000
  4.7249038e-001 -1.5116407e+000
  4.7257347e-001 -1.3736028e+000
  4.7686378e-001 -1.1216260e+000
  4.6765228e-001 -9.4330011e-001
  4.8992058e-001 -7.7016700e-001
  4.6677850e-001 -6.9594772e-001
  4.7925572e-001 -4.9357374e-001
  4.8761676e-001 -3.7849688e-001
  4.7366391e-001 -2.9776747e-001
  4.7094628e-001 -2.1059665e-001
  4.6963029e-001 -1.1995647e-001
  4.7212828e-001 -5.6681625e-002
  4.8457215e-001  3.9243932e-002
  4.7007137e-001  1.6497579e-002
  4.8849500e-001  6.7749188e-002
  4.6878129e-001  1.8624441e-001
  4.7839209e-001  1.5845630e-001
  4.6378833e-001  2.5637589e-001
  4.7664733e-001  2.8827682e-001
  4.8990540e-001  2.3111613e-001
  4.6703678e-001  2.8816477e-001
  4.8679990e-001  2.7526091e-001
  4.7789400e-001  3.1318630e-001
  4.7521744e-001  3.4866364e-001
  4.7617268e-001  4.1794219e-001
  4.8667812e-001  3.4906466e-001
  4.6405853e-001  4.1796430e-001
  4.8329727e-001  4.0473078e-001
  4.6619283e-001  4.1985558e-001
  4.6645522e-001  3.8249441e-001
  4.7103639e-001  4.4849991e-001
  4.6756277e-001  4.6723869e-001
  4.6163353e-001  4.6765602e-001
  4.8119480e-001  4.1745905e-001
  4.7586073e-001  4.2372020e-001
  4.7361653e-001  4.0965031e-001
  4.7185096e-001  4.0578489e-001
  4.7631571e-001  4.1052907e-001
  4.6396871e-001  4.8475748e-001
  4.7786616e-001  4.6920066e-001
  4.7855021e-001  4.7735290e-001
  4.7652642e-001  4.7054597e-001
  4.7380355e-001  4.5402103e-001
  4.7505834e-001  4.2881047e-001
  4.6608019e-001  4.1946487e-001
  4.7536847e-001  4.4315932e-001
  4.7310645e-001  4.3711771e-001
  4.9112571e-001  4.3263076e-001
  4.6761865e-001  4.5603403e-001
  4.7084585e-001  4.9154474e-001
  4.6957618e-001  4.5053320e-001
  4.6916486e-001  4.3284973e-001
  4.8114038e-001  4.8598214e-001
  4.6887122e-001  4.9786636e-001
  4.7908466e-001  5.1330739e-001
  4.8205366e-001  4.9621891e-001
  4.7403489e-001  4.7032089e-001
  4.6212257e-001  4.1631880e-001
  4.7656419e-001  4.2685898e-001
  4.6693252e-001  4.1982846e-001
  4.7994073e-001  4.2270051e-001
  4.7043031e-001  4.3272719e-001
  8.1127342e-002  4.8263109e-001
  7.6940468e-002  5.0008539e-001
  7.6280838e-002  4.7755521e-001
  8.2453028e-002  4.5067988e-001
  9.3016272e-002  4.6606453e-001
  8.2307544e-002  4.2531549e-001
  1.0016218e-001  3.5741193e-001
  1.0135273e-001  3.5677104e-001
  8.8407029e-002  3.1838507e-001
  9.2206506e-002  2.8163670e-001
  9.3451229e-002  3.4596152e-001
  8.1779446e-002  3.1039156e-001
  8.9148439e-002  2.2598530e-001
  9.3796168e-002  2.5086138e-001
  7.4530302e-002  2.7385571e-001
  9.0020700e-002  2.7499338e-001
  9.8482710e-002  2.5955087e-001
  8.3169717e-002  1.8071205e-001
  7.6750812e-002  2.3091613e-001
  9.5244817e-002  1.7250559e-001
  9.7224086e-002  2.4345569e-001
  7.6274491e-002  2.3024758e-001
  1.0296089e-001  1.3959808e-001
  9.2690426e-002  2.1068133e-001
  8.8695593e-002  1.9171551e-001
  7.5102555e-002  1.8140465e-001
  9.7189253e-002  2.1204342e-001
  1.0219792e-001  1.7390167e-001
  7.9091611e-002  1.8697310e-001
  1.0230941e-001  2.1189253e-001
  8.2834425e-002  1.8807992e-001
  8.1828944e-002  1.4725074e-001
  8.1711740e-002  1.4332943e-001
  7.9854750e-002  1.3178817e-001
  9.8842781e-002  1.6804673e-001
  9.0261550e-002  1.9025114e-001
  9.4339869e-002  1.7162532e-001
  7.8649352e-002  1.5081758e-001
  9.9714966e-002  1.4338510e-001
  8.6888565e-002  1.9866681e-001
  7.5644616e-002  1.2192694e-001
  7.5461387e-002  1.3864882e-001
  1.0145105e-001  1.2605147e-001
  7.9361112e-002  1.9000539e-001
  9.9965263e-002  1.5187297e-001
  8.1022264e-002  2.0108391e-001
  8.9351591e-002  1.0625916e-001
  9.8345135e-002  1.1771469e-001
  1.0100293e-001  1.9600184e-001
  9.6220317e-002  1.2374765e-001
  1.0161041e-001  1.4817095e-001
  8.1072343e-002  1.3704819e-001
  8.6227657e-002  1.7991545e-001
  7.8502914e-002  1.2340920e-001
  8.8279858e-002  1.7592305e-001
  8.5979958e-002  1.2579402e-001
  9.7688596e-002  1.6700758e-001
  7.7210542e-002  1.5901870e-001
  8.0352440e-002  1.1465383e-001
  9.8523585e-002  1.6861621e-001
  7.4354645e-002  1.9683084e-001
  1.0122271e-001  1.5489589e-001
  9.1377264e-002  1.4966344e-001
  7.8755104e-002  1.2024057e-001
  9.6087922e-002  1.7250178e-001
  9.5828642e-002  1.4200209e-001
  7.6364371e-002  1.6072632e-001
  9.0143686e-002  1.2586691e-001
  7.9885704e-002  1.5678343e-001
 -9.3214140e-001  1.2202677e-001
 -9.1731647e-001  1.3809854e-001
 -9.2863030e-001  5.1831213e-002
 -9.1217555e-001 -2.4935313e-001
 -9.2089708e-001 -5.2009331e-001
 -9.3214552e-001 -9.0025612e-001
 -9.1887343e-001 -1.1928624e+000
 -9.2613165e-001 -1.4932163e+000
 -9.3766576e-001 -1.8525796e+000
 -9.2745368e-001 -2.1537993e+000
 -9.2683755e-001 -2.3490144e+000
 -9.1629317e-001 -2.6098998e+000
 -9.3682853e-001 -2.8837191e+000
 -9.1066941e-001 -3.0339162e+000
 -9.1023934e-001 -3.2307030e+000
 -9.2142483e-001 -3.4541945e+000
 -9.2527727e-001 -3.5926268e+000
 -9.1060154e-001 -3.7171513e+000
 -9.0866549e-001 -3.7602949e+000
 -9.3480518e-001 -3.8669860e+000
 -9.1704523e-001 -3.9989792e+000
 -9.3333847e-001 -4.0423340e+000
 -9.3327216e-001 -4.1783889e+000
 -9.1897181e-001 -4.1693200e+000
 -9.3152471e-001 -4.2255223e+000
 -9.2207503e-001 -4.3509412e+000
 -9.2760833e-001 -4.3395309e+000
 -9.2295193e-001 -4.3913745e+000
 -9.2352502e-001 -4.3833273e+000
 -9.1005935e-001 -4.4219830e+000
 -9.3600302e-001 -4.5109655e+000
 -9.1168080e-001 -4.5408355e+000
 -9.2146504e-001 -4.5522068e+000
 -9.3283316e-001 -4.5139781e+000
 -9.1211427e-001 -4.5235719e+000
 -9.1768971e-001 -4.5730695e+000
 -9.1396076e-001 -4.5677747e+000
 -9.1490126e-001 -4.6009857e+000
 -9.2526966e-001 -4.6011232e+000
 -9.3677033e-001 -4.5532920e+000
 -9.1916239e-001 -4.5930248e+000
 -9.3613740e-001 -4.5785645e+000
 -9.2085429e-001 -4.6094875e+000
 -9.3324520e-001 -4.6413347e+000
 -9.1669967e-001 -4.5925747e+000
 -9.2683589e-001 -4.6616199e+000
 -9.3161133e-001 -4.5923744e+000
 -9.0988257e-001 -4.6552741e+000
 -9.3546813e-001 -4.5867699e+000
 -9.3484105e-001 -4.6236347e+000
 -9.1187996e-001 -4.6680765e+000
 -9.1530118e-001 -4.6366220e+000
 -9.3528284e-001 -4.6119501e+000
 -9.2016146e-001 -4.6276578e+000
 -9.1687581e-001 -4.6182663e+000
 -9.2372815e-001 -4.6896079e+000
 -9.1092790e-001 -4.6720373e+000
 -9.3536851e-001 -4.6919824e+000
 -9.2912142e-001 -4.6861415e+000
 -9.2017359e-001 -4.6581041e+000
 -9.0905341e-001 -4.6948233e+000
 -9.1546116e-001 -4.6691159e+000
 -9.1724657e-001 -4.6083453e+000
 -9.3093022e-001 -4.6384596e+000
 -9.2530419e-001 -4.6930723e+000
 -9.2056262e-001 -4.6290669e+000
 -9.2463074e-001 -4.6853730e+000
 -9.2764870e-001 -4.6354723e+000
 -9.1302591e-001 -4.6295947e+000
 -7.2367819e-001 -4.6199708e+000
 -7.2088365e-001 -4.6350699e+000
 -7.3378836e-001 -4.5606441e+000
 -7.2773022e-001 -4.4953036e+000
 -7.4167404e-001 -4.4209991e+000
 -7.4734650e-001 -4.3589442e+000
 -7.4150647e-001 -4.2630248e+000
 -7.3689361e-001 -4.1725615e+000
 -7.4053001e-001 -4.0916118e+000
 -7.4523857e-001 -3.9500297e+000
 -7.3413355e-001 -3.8500992e+000
 -7.2459764e-001 -3.8295649e+000
 -7.1967419e-001 -3.7170615e+000
 -7.3691176e-001 -3.7320002e+000
 -7.4478923e-001 -3.6160897e+000
 -7.2558389e-001 -3.6135321e+000
 -7.4513144e-001 -3.5611605e+000
 -7.3004409e-001 -3.4614806e+000
 -7.3068292e-001 -3.4534618e+000
 -7.4173352e-001 -3.3970452e+000
 -7.3929041e-001 -3.4076290e+000
 -7.2148813e-001 -3.4225553e+000
 -7.3291334e-001 -3.4015777e+000
 -7.2448954e-001 -3.3705549e+000
 -7.3121760e-001 -3.3817453e+000
 -7.3854122e-001 -3.3595115e+000
 -7.4706238e-001 -3.2867069e+000
 -7.4451780e-001 -3.3078335e+000
 -7.2706851e-001 -3.3001393e+000
 -7.2612250e-001 -3.3336936e+000
 -7.2873491e-001 -3.2883107e+000
 -7.3129403e-001 -3.2520854e+000
 -7.2650958e-001 -3.2376062e+000
 -7.2610138e-001 -3.2424354e+000
 -7.4069551e-001 -3.2172228e+000
 -7.2113170e-001 -3.2624009e+000
 -7.2514832e-001 -3.2510009e+000
 -7.2011417e-001 -3.2054716e+000
 -7.2435908e-001 -3.2371058e+000
 -7.3339571e-001 -3.2201863e+000
 -7.2709826e-001 -3.2258298e+000
 -7.2609817e-001 -3.2293157e+000
 -7.2969247e-001 -3.2126736e+000
 -7.4370005e-001 -3.2074874e+000
 -7.4017024e-001 -3.2628085e+000
 -7.3691160e-001 -3.1873590e+000
 -7.2658506e-001 -3.2601429e+000
 -7.3131516e-001 -3.2242614e+000
 -7.4750396e-001 -3.2260170e+000
 -7.4741395e-001 -3.2154271e+000
 -7.4514894e-001 -3.2065083e+000
 -7.2229257e-001 -3.2438437e+000
 -7.4197314e-001 -3.2324586e+000
 -7.2196115e-001 -3.1800641e+000
 -7.2519898e-001 -3.2359571e+000
 -7.2664350e-001 -3.2076707e+000
 -7.4635303e-001 -3.2551281e+000
 -7.3629481e-001 -3.2699059e+000
 -7.2505958e-001 -3.2755575e+000
 -7.3264819e-001 -3.1780347e+000
 -7.2175696e-001 -3.2318015e+000
 -7.4838273e-001 -3.2119590e+000
 -7.3714406e-001 -3.1989318e+000
 -7.4529460e-001 -3.2284780e+000
 -7.2694943e-001 -3.1934208e+000
 -7.2249328e-001 -3.2426049e+000
 -7.1981983e-001 -3.2276495e+000
 -7.3978467e-001 -3.2534881e+000
 -7.4814079e-001 -3.2436824e+000
 -8.5584852e-001 -3.2402280e+000
 -8.5281255e-001 -3.2239385e+000
 -8.4940653e-001 -3.2060072e+000
 -8.5513476e-001 -3.3229343e+000
 -8.2785827e-001 -3.3737645e+000
 -8.3450172e-001 -3.3895301e+000
 -8.4265896e-001 -3.4010010e+000
 -8.4012273e-001 -3.5267830e+000
 -8.3479324e-001 -3.5192403e+000
 -8.5560335e-001 -3.6029749e+000
 -8.5605009e-001 -3.6209549e+000
 -8.3420634e-001 -3.6823806e+000
 -8.4644866e-001 -3.7037468e+000
 -8.5190994e-001 -3.7121212e+000
 -8.4936916e-001 -3.7858899e+000
 -8.3871452e-001 -3.7820387e+000
 -8.3244488e-001 -3.8643532e+000
 -8.3807647e-001 -3.8746124e+000
 -8.4475281e-001 -3.8963590e+000
 -8.3906616e-001 -3.8923495e+000
 -8.5508086e-001 -3.8556983e+000
 -8.4062001e-001 -3.9615382e+000
 -8.5631862e-001 -3.9686074e+000
 -8.4552549e-001 -3.9571582e+000
 -8.4768110e-001 -3.9220879e+000
 -8.3136862e-001 -3.9403492e+000
 -8.5104674e-001 -3.9716779e+000
 -8.3202057e-001 -4.0056278e+000
 -8.3211390e-001 -3.9372993e+000
 -8.3506743e-001 -4.0191056e+000
 -8.2804298e-001 -3.9597978e+000
 -8.3359953e-001 -4.0280467e+000
 -8.3695486e-001 -4.0114774e+000
 -8.3904305e-001 -3.9447188e+000
 -8.4781891e-001 -3.9585654e+000
 -8.5530724e-001 -3.9544162e+000
 -8.5223577e-001 -3.9490284e+000
 -8.4269931e-001 -3.9843127e+000
 -8.5116327e-001 -4.0227574e+000
 -8.4669698e-001 -4.0070523e+000
 -8.5099402e-001 -4.0457616e+000
 -8.3164936e-001 -3.9992598e+000
 -8.3091387e-001 -4.0342379e+000
 -8.4547567e-001 -4.0028514e+000
 -8.5293667e-001 -3.9706332e+000
 -8.4361109e-001 -4.0106574e+000
 -8.2884044e-001 -4.0383329e+000
 -8.4144313e-001 -4.0487710e+000
 -8.5246116e-001 -4.0169332e+000
 -8.4274177e-001 -4.0360458e+000
 -8.2877144e-001 -3.9676016e+000
 -8.4019198e-001 -4.0534521e+000
 -8.3101717e-001 -4.0088503e+000
 -8.4863965e-001 -3.9846390e+000
 -8.5450540e-001 -4.0223339e+000
 -8.3828608e-001 -4.0027963e+000
 -8.4673058e-001 -4.0285427e+000
 -8.4965288e-001 -4.0306579e+000
 -8.4470058e-001 -4.0532383e+000
 -8.3664187e-001 -4.0255221e+000
 -8.5511714e-001 -3.9614895e+000
 -8.4081773e-001 -4.0465096e+000
 -8.5545869e-001 -3.9965842e+000
 -8.5519250e-001 -4.0113435e+000
 -8.4123011e-001 -4.0024804e+000
 -8.3534643e-001 -3.9997651e+000
 -8.4197023e-001 -4.0319571e+000
 -8.3441654e-001 -4.0408106e+000
 -8.2839410e-001 -4.0169067e+000
  7.6358563e-001 -4.0179614e+000
  7.5358755e-001 -3.9872451e+000
  7.6320637e-001 -3.8634283e+000
  7.4977126e-001 -3.6609584e+000
  7.5179204e-001 -3.3469684e+000
  7.4403355e-001 -3.0505806e+000
  7.6032686e-001 -2.6664692e+000
  7.5034169e-001 -2.3477609e+000
  7.4696130e-001 -2.0630233e+000
  7.5491116e-001 -1.7776599e+000
  7.3671634e-001 -1.5750878e+000
  7.5013540e-001 -1.3006389e+000
  7.5964185e-001 -1.0882649e+000
  7.6082611e-001 -8.6094544e-001
  7.5887759e-001 -6.9594583e-001
  7.5791906e-001 -5.4948945e-001
  7.4148245e-001 -4.1880547e-001
  7.6018372e-001 -3.0389975e-001
  7.6066823e-001 -1.4232490e-001
  7.4139572e-001 -1.1293523e-001
  7.5523599e-001 -9.9415130e-004
  7.6258969e-001  7.4443708e-002
  7.4630402e-001  1.8249980e-001
  7.3651824e-001  2.2470278e-001
  7.4907198e-001  2.4728160e-001
  7.5623201e-001  2.9772567e-001
  7.6307143e-001  3.3092827e-001
  7.4169445e-001  3.7775534e-001
  7.4242337e-001  4.2020419e-001
  7.4318795e-001  4.4801366e-001
  7.4056558e-001  5.0667278e-001
  7.4711410e-001  5.0389671e-001
  7.3799629e-001  4.7874297e-001
  7.3943013e-001  5.6668798e-001
  7.6153042e-001  5.4313070e-001
  7.4554996e-001  5.8662091e-001
  7.6148492e-001  5.3059367e-001
  7.4504783e-001  5.6002636e-001
  7.5962365e-001  6.1819698e-001
  7.6277785e-001  5.9428654e-001
  7.3644878e-001  6.2497191e-001
  7.5681886e-001  5.8031266e-001
  7.6472521e-001  6.0468488e-001
  7.4502211e-001  6.0860235e-001
  7.4767334e-001  6.3221423e-001
  7.6228756e-001  6.2135187e-001
  7.4893217e-001  6.1393392e-001
  7.3649167e-001  5.7682159e-001
  7.4347230e-001  6.1846595e-001
  7.4909254e-001  6.3024565e-001
  7.4664069e-001  6.5695514e-001
  7.4438041e-001  5.7370273e-001
  7.5193199e-001  6.5323579e-001
  7.3746173e-001  6.4501779e-001
  7.4549647e-001  6.5435865e-001
  7.6494183e-001  6.0405507e-001
  7.4574230e-001  6.2420669e-001
  7.4952804e-001  6.6185085e-001
  7.5100644e-001  6.2344745e-001
  7.6102923e-001  5.8609030e-001
  7.5042484e-001  6.5672497e-001
  7.6353253e-001  6.7462021e-001
  7.6347957e-001  5.8243279e-001
  7.5619569e-001  5.8635864e-001
  7.4108777e-001  5.8979126e-001
  7.3548182e-001  6.2282324e-001
  7.6274618e-001  6.2542772e-001
  7.5004687e-001  5.9937103e-001
  7.4218968e-001  6.3902772e-001
  6.8413303e-001  6.7784635e-001
  7.0056292e-001  6.1822607e-001
  6.8998818e-001  6.3077408e-001
  7.0053817e-001  6.7507952e-001
  6.8488303e-001  6.7349749e-001
  7.0134442e-001  5.9415034e-001
  6.9137611e-001  6.5651025e-001
  6.8065265e-001  5.8769827e-001
  7.0294269e-001  6.0949704e-001
  6.9413556e-001  6.4566171e-001
  7.0385138e-001  6.4666537e-001
  6.8225980e-001  6.1912342e-001
  7.0492398e-001  6.3925331e-001
  6.9740496e-001  6.2075073e-001
  6.8031119e-001  5.7094856e-001
  6.8238316e-001  6.4305341e-001
  6.9052664e-001  5.7021493e-001
  6.9361632e-001  5.4892744e-001
  7.0159162e-001  5.7778057e-001
  6.8509397e-001  5.7273332e-001
  6.9301444e-001  5.7107487e-001
  6.8425716e-001  5.6360430e-001
  7.0230941e-001  5.4283651e-001
  7.0326856e-001  5.3982509e-001
  6.9466557e-001  5.6000564e-001
  7.0624643e-001  6.0881273e-001
  6.8932398e-001  6.0824415e-001
  7.0377636e-001  6.1672818e-001
  6.7849859e-001  6.0159090e-001
  6.8650521e-001  6.2800008e-001
  6.8838330e-001  5.9307581e-001
  6.8040664e-001  6.1592155e-001
  6.8168531e-001  5.9778347e-001
  6.8160693e-001  6.2267360e-001
  7.0511447e-001  6.0942103e-001
  7.0011740e-001  6.1207780e-001
  7.0247928e-001  5.7189078e-001
  6.9853656e-001  6.0528354e-001
  6.9883320e-001  5.6597535e-001
  7.0592152e-001  6.0703463e-001
  6.9657979e-001  5.5104824e-001
  6.8265377e-001  5.5844321e-001
  7.0304549e-001  5.4495130e-001
  6.9805104e-001  5.7336235e-001
  6.8596390e-001  5.9256150e-001
  6.9883785e-001  6.1858120e-001
  7.0144162e-001  5.3896262e-001
  6.8512448e-001  6.0669209e-001
  6.8420282e-001  5.8750467e-001
  6.8530527e-001  5.7948569e-001
  6.9872422e-001  5.8055430e-001
  7.0267147e-001  5.5328847e-001
  6.8108225e-001  5.9897900e-001
  6.9855422e-001  5.9349058e-001
  6.8206182e-001  6.3041128e-001
  6.9864946e-001  5.4032480e-001
  6.7854150e-001  5.9357291e-001
  7.0435822e-001  6.0955855e-001
  6.8452102e-001  5.6034856e-001
  6.9379524e-001  5.3342531e-001
  7.0140190e-001  5.4414682e-001
  7.0446978e-001  5.3780416e-001
  7.0353474e-001  6.0718255e-001
  6.9534296e-001  6.2564166e-001
  6.8681282e-001  5.3609748e-001
  6.7881476e-001  5.4593181e-001
  6.8970723e-001  5.5036343e-001
  6.8116040e-001  6.1858638e-001
  6.8284773e-001  5.6885776e-001
  7.6594037e-003  5.8789834e-001
 -1.6875549e-002  6.1524332e-001
 -1.5506042e-002  5.7345778e-001
  6.1404317e-003  4.8947287e-001
 -7.9337997e-003  5.2360248e-001
  1.6481518e-003  4.8161691e-001
 -1.3377406e-002  4.2946005e-001
  9.0921697e-003  3.3204485e-001
  1.0049669e-002  3.2773101e-001
 -7.8713028e-003  2.9235487e-001
 -4.4456791e-003  2.8025590e-001
  2.9174854e-003  2.1335693e-001
 -1.3239939e-002  2.2703884e-001
  1.2461178e-002  1.6055228e-001
 -7.9749543e-003  1.2344504e-001
 -7.1551872e-004  1.6314134e-001
 -1.6581482e-002  1.6867018e-001
  8.3799239e-003  1.6241937e-001
 -5.3140344e-003  1.1584409e-001
 -1.3439199e-003  1.2965914e-001
 -1.3435684e-002  8.0607463e-002
  7.7288540e-003  8.4858055e-002
  8.9842354e-003  5.5557009e-002
  8.1688774e-003  1.6918423e-002
  1.5557068e-003  3.0629447e-002
 -7.4422716e-003  6.5534319e-002
  1.2991647e-002  5.8986608e-003
  3.9735887e-004  5.5032412e-002
  3.9823895e-003 -1.8540875e-002
  1.2668470e-002 -2.9401998e-003
 -1.8728361e-004 -2.0126263e-002
 -4.6611103e-003  3.0470191e-003
 -1.6574495e-002  4.4500371e-002
  1.2543955e-002 -1.3492741e-002
  2.1329641e-004 -3.2686430e-002
 -7.5485946e-003 -3.9217841e-002
  5.0775968e-003 -5.9276841e-003
 -1.1124482e-002  2.4812644e-002
 -8.2911934e-003  3.8422190e-002
 -7.1966178e-003  3.3757068e-002
  3.6550823e-003 -4.5432029e-002
  5.9789614e-003  1.4854076e-002
  2.0599036e-003  4.3994987e-002
 -1.3988092e-002  1.0602024e-003
  3.0662999e-003 -3.3534950e-002
 -6.7881087e-003  1.2462114e-002
  6.8475374e-003  1.7846859e-002
 -5.5417406e-003  4.6029140e-002
 -8.7537097e-003  2.7739995e-002
  9.2668072e-003 -1.0855851e-002
  1.2645608e-002  2.4254812e-002
  1.1963983e-002 -1.5556553e-002
  4.6585817e-003  4.3560793e-002
 -5.6190240e-005  9.4216809e-004
 -8.0156433e-004 -1.7742059e-002
 -1.2734451e-003  2.2930111e-002
 -4.9467410e-003  4.5012764e-002
 -1.2190251e-002 -1.5158795e-002
  8.8139526e-003  4.4518130e-002
 -1.6946056e-002 -4.5313613e-002
  1.1277021e-004 -1.3442896e-002
  7.0541905e-003 -3.6049472e-002
 -1.5780993e-002 -5.2904986e-003
 -5.7545821e-003 -4.5567031e-002
  2.8902392e-003 -5.1023250e-002
 -5.2692417e-003  2.5426497e-003
  3.4750230e-004 -1.1867552e-002
 -8.0240105e-003 -3.0374813e-002
  5.1097842e-003 -4.7386814e-002
  7.4164281e-001 -5.2404395e-002
  7.4321565e-001  2.4337547e-002
  7.1463874e-001  3.2196845e-002
  7.4125112e-001  2.4667863e-002
  7.2588389e-001  7.5810532e-002
  7.3315871e-001  1.0926141e-001
  7.3841260e-001  2.0902785e-001
  7.2952924e-001  2.0179604e-001
  7.1417626e-001  2.6559370e-001
  7.4384911e-001  3.0883834e-001
  7.3796959e-001  2.8259455e-001
  7.3513026e-001  3.4009051e-001
  7.3327581e-001  4.0458794e-001
  7.2971727e-001  4.0615323e-001
  7.2455413e-001  4.4441450e-001
  7.3529993e-001  4.2578649e-001
  7.4243191e-001  4.7709270e-001
  7.3734292e-001  4.8036990e-001
  7.3999462e-001  4.8631875e-001
  7.4379020e-001  5.0535348e-001
  7.4103186e-001  4.8405836e-001
  7.2996391e-001  5.0152666e-001
  7.4192590e-001  5.0025868e-001
  7.4058522e-001  5.4265152e-001
  7.3105890e-001  5.8337214e-001
  7.2995919e-001  5.9224706e-001
  7.2968989e-001  5.5087066e-001
  7.3508897e-001  6.1315470e-001
  7.1406087e-001  5.8395837e-001
  7.1424787e-001  5.8437165e-001
  7.3611697e-001  5.5797056e-001
  7.2633139e-001  5.5862201e-001
  7.3311214e-001  5.9269590e-001
  7.2608582e-001  5.7790330e-001
  7.4379951e-001  6.0727776e-001
  7.2655597e-001  6.4765165e-001
  7.1678867e-001  6.4656870e-001
  7.3032363e-001  6.2757438e-001
  7.2444161e-001  6.3570698e-001
  7.2267839e-001  5.7580379e-001
  7.3651431e-001  6.0704972e-001
  7.2444447e-001  6.3560875e-001
  7.1684004e-001  6.3343534e-001
  7.2367389e-001  5.6470004e-001
  7.3724100e-001  6.3048514e-001
  7.1680851e-001  5.6437761e-001
  7.2368166e-001  5.7974400e-001
  7.3704885e-001  6.1070630e-001
  7.2308526e-001  5.7231300e-001
  7.1956745e-001  6.1389994e-001
  7.4164682e-001  5.8781368e-001
  7.3093132e-001  6.2250327e-001
  7.2007011e-001  6.0947922e-001
  7.1988961e-001  6.3132079e-001
  7.2335184e-001  6.0460058e-001
  7.4040985e-001  5.8219745e-001
  7.3546786e-001  6.5104081e-001
  7.2964438e-001  6.3522775e-001
  7.1576009e-001  6.3475727e-001
  7.1550574e-001  6.2502483e-001
  7.2704615e-001  5.7078318e-001
  7.3043569e-001  6.0402711e-001
  7.1478685e-001  5.7426450e-001
  7.3406718e-001  5.7708291e-001
  7.3603436e-001  5.7579291e-001
  7.4212280e-001  6.5147867e-001
  7.3300223e-001  5.8135297e-001
  7.2634922e-001  5.9160102e-001
  7.2143704e-001  6.0943975e-001
  4.7143645e-003  6.4426819e-001
  1.6746086e-002  5.9530849e-001
  9.4361917e-003  6.2219241e-001
  1.8753944e-002  5.6748513e-001
  1.0215968e-002  5.6159425e-001
  1.3638400e-002  5.2861810e-001
  2.1090535e-003  4.2840827e-001
  4.6194048e-004  4.0708388e-001
 -9.7098954e-004  4.0003099e-001
  1.4425839e-002  2.8621377e-001
  5.6007584e-003  2.4998851e-001
 -4.0180891e-003  3.1123730e-001
  1.9713813e-003  2.4736026e-001
 -2.9028390e-003  2.3596864e-001
  1.8948507e-003  1.6920168e-001
  1.1503476e-002  1.6405620e-001
  2.4366106e-003  1.3565203e-001
  8.4541003e-003  1.6289638e-001
 -4.0372554e-003  1.0393180e-001
 -8.8112473e-003  1.4506530e-001
  6.6512927e-003  8.0395026e-002
 -8.4107760e-003  9.1364749e-002
  2.8739762e-003  5.3590345e-002
  2.6670031e-003  4.1052303e-002
  5.5267001e-003  9.6677262e-002
 -7.6655286e-003  5.4021562e-002
  1.4804199e-002  5.7014307e-002
 -1.8538631e-003  5.2961041e-002
  4.7512194e-003  7.3941633e-002
 -7.0047393e-003  3.5193615e-002
  1.2142277e-003  5.4160970e-002
 -3.1978314e-003  6.9873422e-002
  4.4974693e-003  6.6322933e-002
  4.4822362e-003  6.4861492e-002
  4.1092189e-003  4.3323104e-002
  1.8559938e-002  6.8627805e-002
  1.3207024e-002  3.7751522e-002
 -5.4689026e-003  2.0387990e-002
  6.0291412e-003  4.4189464e-002
  1.1644852e-002  4.4266717e-002
 -7.4854631e-003 -3.8420656e-004
 -6.4360225e-003 -2.2958629e-002
  6.1154870e-003  2.0440527e-002
  1.1102484e-002 -1.4470189e-002
  9.8506737e-004 -2.5426775e-003
 -7.1524218e-003 -3.6161186e-002
  8.9318016e-003 -3.4202171e-002
  5.2788800e-003 -1.7885378e-002
 -4.6309255e-003  4.0098433e-002
  1.2985933e-002  2.5802622e-002
 -4.3391010e-004 -2.9505730e-002
 -7.2256091e-003 -1.7802061e-002
  1.7005171e-002  1.3725689e-002
  1.1105629e-002  2.0988486e-002
  7.3564629e-004 -3.7949393e-002
  4.0424384e-003 -8.1416796e-003
 -4.1721086e-003 -1.1680688e-002
  1.6005924e-002  4.0037079e-002
  1.6945121e-002  2.1375882e-002
  1.8995603e-002  9.7943622e-003
  1.3632865e-002  1.1635775e-003
  1.3959530e-002  1.3901644e-002
 -1.0013884e-002 -2.8628671e-002
  5.4142138e-003  1.1581042e-002
 -2.8020892e-003 -2.5942205e-002
 -9.9971820e-003 -3.5857514e-004
  1.4908216e-003 -8.6077218e-003
 -7.5695697e-003 -1.1493824e-002
  5.2634249e-003 -6.6168848e-003
  1.1634301e-001  5.5874019e-002
  1.2734554e-001  1.4799131e-002
  1.1349194e-001  5.3526762e-002
  1.1690742e-001  1.0693562e-002
  1.1822134e-001  2.8761221e-002
  1.2843490e-001  7.3318893e-002
  1.0483919e-001  5.1379904e-002
  1.0120835e-001  7.6563040e-002
  1.0547870e-001  5.2661671e-002
  1.2774990e-001  7.9319922e-002
  1.3008333e-001  9.7701898e-002
  1.0801860e-001  1.2270003e-001
  1.2922693e-001  8.8985042e-002
  1.2207357e-001  1.1073462e-001
  1.2849434e-001  1.7936269e-001
  1.0769702e-001  1.7136871e-001
  1.1960124e-001  1.0654205e-001
  1.1892168e-001  2.0437782e-001
  1.1811629e-001  1.7246499e-001
  1.2707646e-001  2.1178338e-001
  1.1853606e-001  2.1098980e-001
  1.1678641e-001  1.3335296e-001
  1.2659196e-001  1.9421028e-001
  1.1339687e-001  2.2205269e-001
  1.0119279e-001  1.3665951e-001
  1.1314704e-001  1.6902500e-001
  1.1728235e-001  1.5193343e-001
  1.2227416e-001  1.9243642e-001
  1.1994847e-001  1.3690685e-001
  1.0916736e-001  1.4103424e-001
  1.0832919e-001  2.2664790e-001
  1.2033628e-001  2.0071401e-001
  1.0064763e-001  1.9768726e-001
  1.0483138e-001  2.0301012e-001
  1.2243659e-001  2.3244366e-001
  1.1830869e-001  1.6373266e-001
  1.0752220e-001  1.7245667e-001
  1.1345998e-001  2.0418901e-001
  1.1382096e-001  1.4586579e-001
  1.2361606e-001  1.7237543e-001
  1.3010713e-001  1.8358332e-001
  1.2216953e-001  1.8426062e-001
  1.2574710e-001  2.0967515e-001
  1.0412958e-001  1.5991001e-001
  1.0628285e-001  2.2196012e-001
  1.2278918e-001  1.9997620e-001
  1.1260560e-001  1.9670276e-001
  1.1322636e-001  1.8264710e-001
  1.1518090e-001  1.7053389e-001
  1.2623370e-001  1.5330027e-001
  1.2172442e-001  1.9704711e-001
  1.0201564e-001  2.1566578e-001
  1.1472954e-001  1.8549115e-001
  1.2582833e-001  2.3053710e-001
  1.2894078e-001  1.7156656e-001
  1.2720374e-001  2.0102462e-001
  1.2885156e-001  1.5845470e-001
  1.0545750e-001  1.4563872e-001
  1.0629111e-001  1.4302298e-001
  1.1351892e-001  1.6864480e-001
  1.1275038e-001  1.7800536e-001
  1.0952396e-001  2.3032427e-001
  1.0336523e-001  1.5773346e-001
  1.0750727e-001  2.0860228e-001
  1.2239999e-001  2.1971058e-001
  1.2221388e-001  1.5687952e-001
  1.0377705e-001  2.0940856e-001
  1.1262383e-001  1.7551636e-001
  1.2975269e-001  2.0591580e-001
  1.7592700e-002  2.1207972e-001
  2.0618444e-002  1.8969157e-001
  2.6759077e-003  1.9300590e-001
 -6.0145710e-003  1.4337831e-001
  1.8955616e-002  1.5022254e-001
  2.1294113e-003  1.4669682e-001
 -3.4430404e-003  1.5017829e-001
  4.4065025e-003  1.7404434e-001
 -5.8381043e-003  1.3916418e-001
  1.0691652e-003  1.3060552e-001
  1.6965019e-002  1.1206897e-001
 -3.1128318e-003  3.7244178e-002
 -8.1164278e-003  8.2355591e-002
  2.4956830e-003  3.5275461e-002
 -8.8995113e-003  6.2694499e-002
  6.9068239e-004  9.8232909e-003
  8.5309151e-004  1.6824513e-002
 -7.2921633e-003  8.9002320e-002
  1.8577396e-002  3.8279295e-002
  8.4621690e-003  3.6971123e-002
  1.2234433e-002 -2.2352072e-003
  1.2336488e-002  7.0070256e-003
 -7.5327341e-003  7.3598620e-002
  1.3552553e-002  5.5090510e-002
  2.0367559e-002  2.5233064e-002
 -1.4879551e-004  8.4082422e-003
 -7.0906806e-003  5.4415902e-002
  8.1675900e-003 -1.2379886e-002
  1.9344550e-002 -1.0339573e-002
  2.0268581e-002  1.4652203e-002
 -6.6010593e-003  6.3943755e-002
  1.0998302e-003  6.2330724e-002
  5.3944094e-003  5.3133571e-002
  1.7597716e-002 -4.3545447e-003
  4.6885860e-003  4.8069969e-002
  1.8592216e-002 -9.2936080e-003
 -8.4968478e-003  1.3365898e-002
 -7.3961703e-003 -3.0964937e-002
 -3.6030936e-003  2.2819712e-003
 -5.3439643e-003  5.1832687e-002
 -4.0367536e-003  2.4181545e-002
  2.1709148e-003  3.5525227e-002
  4.4296480e-003  3.0682313e-002
  1.2619350e-002  1.9124183e-002
  1.5954644e-002  4.4463542e-002
 -5.1369085e-003  5.6568968e-003
  1.9332372e-002  5.1655249e-002
  1.1131697e-002 -6.8289510e-003
  6.8868717e-003  3.3801917e-002
  1.8887707e-002 -1.5416282e-002
  3.3380302e-003 -2.1686315e-002
  9.7485067e-003 -2.2111190e-002
  3.4914039e-003  1.5286143e-002
  1.0300504e-002  3.5842059e-002
 -3.9767356e-003 -2.1176834e-002
  1.8360977e-002  3.4892694e-002
  1.8543378e-003  2.6421009e-002
  1.5765354e-002  4.2848908e-002
  1.6678200e-002  5.5546796e-002
  1.7250159e-002 -2.7823108e-002
  7.6308551e-003  3.4934683e-002
  1.3391133e-002  2.2493567e-002
 -8.3676095e-003 -6.9646626e-003
 -6.8911963e-003  4.0076594e-002
  8.0211426e-003 -3.1433607e-002
  1.4285095e-003 -6.6694569e-003
  2.1348634e-004 -3.6185833e-002
 -2.1725347e-003  8.3236875e-003
 -1.8807245e-003  2.8578989e-002
  6.9646924e-001 -1.7220318e-002
  6.9569202e-001  4.8541609e-002
  7.0884809e-001  1.5581911e-002
  7.0773711e-001  7.5493616e-002
  7.1444909e-001  1.0842016e-001
  6.9677474e-001  9.7936394e-002
  6.9618683e-001  1.4571793e-001
  6.9514610e-001  1.7731059e-001
  7.2002827e-001  2.8231894e-001
  6.9228000e-001  2.4449675e-001
  6.9806382e-001  2.7387061e-001
  7.1120989e-001  3.7986371e-001
  7.0463980e-001  3.2826417e-001
  7.2068393e-001  3.5772689e-001
  7.0046539e-001  4.4527785e-001
  7.1856982e-001  4.4044416e-001
  6.9391965e-001  4.8213081e-001
  7.1725187e-001  4.3863922e-001
  7.0024632e-001  5.2867935e-001
  7.0909703e-001  5.3581157e-001
  7.1143973e-001  5.3160538e-001
  7.1819203e-001  5.3619698e-001
  7.0657692e-001  5.8308689e-001
  6.9753325e-001  4.9332938e-001
  7.0242812e-001  5.7542720e-001
  7.0499003e-001  5.7010665e-001
  7.1009063e-001  5.9828632e-001
  7.0926619e-001  5.8444201e-001
  7.0714089e-001  5.2375601e-001
  6.9941540e-001  5.6171543e-001
  7.0796274e-001  6.1368070e-001
  7.1513606e-001  5.4022417e-001
  7.0848173e-001  5.3679817e-001
  7.1414254e-001  5.8053018e-001
  7.2038141e-001  5.7563685e-001
  7.1582099e-001  6.1629585e-001
  6.9977223e-001  5.3797506e-001
  7.2190288e-001  5.4390620e-001
  7.0156271e-001  6.3541631e-001
  7.1620288e-001  5.4117535e-001
  7.1401788e-001  5.6106310e-001
  7.1363972e-001  6.3084300e-001
  6.9418188e-001  6.1956945e-001
  7.1196597e-001  5.5006021e-001
  7.0483031e-001  5.7066112e-001
  7.1434267e-001  6.1442089e-001
  7.0135126e-001  6.3403207e-001
  7.1794243e-001  6.4021452e-001
  6.9602601e-001  5.6171874e-001
  7.1403760e-001  6.0665102e-001
  7.0918881e-001  5.5236914e-001
  7.0803233e-001  5.6262527e-001
  7.0981331e-001  5.7644020e-001
  7.1415379e-001  6.1796094e-001
  7.1223033e-001  5.6109441e-001
  7.1789390e-001  6.0798697e-001
  6.9593357e-001  5.6149539e-001
  7.0682684e-001  6.0542752e-001
  7.1969344e-001  6.1898248e-001
  6.9817215e-001  5.6805627e-001
  7.1644841e-001  5.5238768e-001
  7.0594216e-001  6.2703534e-001
  6.9872687e-001  5.9730077e-001
  6.9484005e-001  5.5145767e-001
  7.0894802e-001  5.9115307e-001
  7.0643102e-001  6.2141576e-001
  7.1288912e-001  5.4925991e-001
  6.9253710e-001  5.9892732e-001
  7.1343851e-001  5.8583730e-001
 -5.6514379e-001  5.5888489e-001
 -5.6543606e-001  6.4325291e-001
 -5.5257871e-001  5.4370524e-001
 -5.7672162e-001  4.0168890e-001
 -5.7097562e-001  2.3120636e-001
 -5.6329961e-001  4.0418342e-002
 -5.7861244e-001 -1.8305859e-001
 -5.6008681e-001 -3.6705419e-001
 -5.5887011e-001 -5.7789971e-001
 -5.8206366e-001 -7.4987466e-001
 -5.5814249e-001 -8.3386775e-001
 -5.5391742e-001 -1.0132316e+000
 -5.6850962e-001 -1.0987059e+000
 -5.6045099e-001 -1.2954116e+000
 -5.7331100e-001 -1.3488457e+000
 -5.8078064e-001 -1.4917285e+000
 -5.5598661e-001 -1.4918612e+000
 -5.6396675e-001 -1.6406548e+000
 -5.8229639e-001 -1.6463898e+000
 -5.5349700e-001 -1.7115912e+000
 -5.6306202e-001 -1.7518783e+000
 -5.6773321e-001 -1.8030004e+000
 -5.7703776e-001 -1.9080913e+000
 -5.7073132e-001 -1.8684764e+000
 -5.6408752e-001 -1.9733830e+000
 -5.6283791e-001 -1.9716822e+000
 -5.5680035e-001 -2.0350370e+000
 -5.6798983e-001 -2.0569300e+000
 -5.6594650e-001 -2.0648326e+000
 -5.8201902e-001 -2.0450682e+000
 -5.5276745e-001 -2.0357475e+000
 -5.8127590e-001 -2.0751438e+000
 -5.7657466e-001 -2.1036219e+000
 -5.6917667e-001 -2.1209976e+000
 -5.7509456e-001 -2.1015434e+000
 -5.6251863e-001 -2.1534830e+000
 -5.6680296e-001 -2.1120604e+000
 -5.6078145e-001 -2.1594861e+000
 -5.7924989e-001 -2.1619292e+000
 -5.7637980e-001 -2.1690270e+000
 -5.5398938e-001 -2.1882402e+000
 -5.5391798e-001 -2.1766525e+000
 -5.6297297e-001 -2.1061650e+000
 -5.8125121e-001 -2.1439690e+000
 -5.7869843e-001 -2.1168351e+000
 -5.7357987e-001 -2.1978791e+000
 -5.6196912e-001 -2.1186499e+000
 -5.6307060e-001 -2.1728793e+000
 -5.7676959e-001 -2.1303304e+000
 -5.6989498e-001 -2.1714526e+000
 -5.5892864e-001 -2.2067699e+000
 -5.7903033e-001 -2.1154018e+000
 -5.6998489e-001 -2.1125470e+000
 -5.5911427e-001 -2.1458784e+000
 -5.6922454e-001 -2.1706878e+000
 -5.7074488e-001 -2.1300695e+000
 -5.8090311e-001 -2.1907658e+000
 -5.7973275e-001 -2.1336781e+000
 -5.7977368e-001 -2.2003747e+000
 -5.7713736e-001 -2.1852964e+000
 -5.6394752e-001 -2.1552541e+000
 -5.6267101e-001 -2.1662333e+000
 -5.7820178e-001 -2.1207564e+000
 -5.6107834e-001 -2.1599958e+000
 -5.5314422e-001 -2.1832900e+000
 -5.7782730e-001 -2.1590859e+000
 -5.7961289e-001 -2.2138194e+000
 -5.7557174e-001 -2.1506206e+000
 -5.7974172e-001 -2.1455230e+000
 -3.5026941e-001 -2.1713538e+000
 -3.4235788e-001 -2.1834795e+000
 -3.5965264e-001 -2.1328282e+000
 -3.5820616e-001 -2.0360307e+000
 -3.4706108e-001 -2.0505969e+000
 -3.4288093e-001 -1.9379604e+000
 -3.4641513e-001 -1.9050858e+000
 -3.6282366e-001 -1.7529618e+000
 -3.4676698e-001 -1.6829310e+000
 -3.4167066e-001 -1.6964397e+000
 -3.4944589e-001 -1.6267772e+000
 -3.6533785e-001 -1.5200824e+000
 -3.5000664e-001 -1.5240204e+000
 -3.6636377e-001 -1.4406780e+000
 -3.6295163e-001 -1.4464961e+000
 -3.6562211e-001 -1.3864470e+000
 -3.6894510e-001 -1.3753351e+000
 -3.6406914e-001 -1.3432163e+000
 -3.6546713e-001 -1.3283845e+000
 -3.6306414e-001 -1.2838642e+000
 -3.4285678e-001 -1.2298831e+000
 -3.6044847e-001 -1.1946988e+000
 -3.6478969e-001 -1.2366947e+000
 -3.4790063e-001 -1.1522341e+000
 -3.5938268e-001 -1.2171394e+000
 -3.6285402e-001 -1.2045412e+000
 -3.5883604e-001 -1.1700069e+000
 -3.5210565e-001 -1.1695918e+000
 -3.6638025e-001 -1.1368163e+000
 -3.4529609e-001 -1.1857403e+000
 -3.5006969e-001 -1.1307778e+000
 -3.6669357e-001 -1.1811796e+000
 -3.6887039e-001 -1.1555105e+000
 -3.6791500e-001 -1.1320977e+000
 -3.4160139e-001 -1.0921633e+000
 -3.5307844e-001 -1.1327490e+000
 -3.6347059e-001 -1.1451292e+000
 -3.6397497e-001 -1.1037438e+000
 -3.4901127e-001 -1.1186981e+000
 -3.6116018e-001 -1.0848458e+000
 -3.4984410e-001 -1.1084254e+000
 -3.4841725e-001 -1.0739358e+000
 -3.4167499e-001 -1.1539062e+000
 -3.6194282e-001 -1.0776435e+000
 -3.5727364e-001 -1.1216439e+000
 -3.6528849e-001 -1.1058408e+000
 -3.4795390e-001 -1.0819839e+000
 -3.6002619e-001 -1.0720186e+000
 -3.6443735e-001 -1.0604868e+000
 -3.5823254e-001 -1.1512015e+000
 -3.7052774e-001 -1.0751504e+000
 -3.4659804e-001 -1.0928255e+000
 -3.4516376e-001 -1.1181289e+000
 -3.4311423e-001 -1.1190341e+000
 -3.5955493e-001 -1.0824896e+000
 -3.6073610e-001 -1.1351409e+000
 -3.4514443e-001 -1.1157816e+000
  3.3814553e-001 -1.0524774e+000
