  3.1653737e-001  3.3433240e-001
 -6.4583106e-001 -2.5384074e+000
  2.5169742e-001  4.1024945e-001
  7.5291131e-001  5.9569479e-001
 -6.4359404e-001 -2.5707269e+000
  2.9114776e-001  3.8475001e-001
  7.6824424e-001  5.3632677e-001
 -4.9896753e-001 -1.8017535e+000
  1.7244231e-001  1.4867651e-001
 -2.6253834e-002  1.4793110e-002
  6.7817257e-001  6.8699267e-001
 -8.9664889e-001 -4.3936060e+000
  4.7894515e-001  5.3498665e-001
  1.0903213e-001  2.0561815e-001
 -1.4105512e-001 -3.8703297e-001
  5.5944509e-001  5.6233259e-001
 -2.0666537e-001 -4.8765980e-001
 -2.8554187e-001 -8.2561841e-001
  3.1894489e-001  3.6787917e-001
 -2.1165623e-001 -6.3430694e-001
 -6.4304492e-001 -2.6145571e+000
 -8.9140994e-001 -4.4706621e+000
 -5.0575752e-001 -1.7603704e+000
  8.0362668e-001  7.4630575e-001
  9.6488619e-001  1.0406158e+000
 -3.1782019e-002 -8.4506762e-003
 -7.1050085e-001 -3.0294341e+000
  2.3333147e-002  1.3808739e-001
  9.8705524e-001  1.0470024e+000
  5.2513780e-001  4.4977663e-001
  9.3204755e-001  1.0255909e+000
  8.5976110e-001  6.8638864e-001
 -5.2701887e-001 -2.0059000e+000
 -8.0495568e-001 -3.8198279e+000
 -1.8045135e-001 -3.7749085e-001
 -7.3765478e-001 -3.3576493e+000
  5.0913346e-001  4.7854504e-001
 -3.0379372e-001 -8.5861250e-001
 -1.0043255e-001 -2.5865546e-001
 -6.0132904e-001 -2.3206570e+000
  4.7303600e-001  5.5098442e-001
 -5.9326508e-001 -2.2212185e+000
  5.3632074e-001  6.0104887e-001
 -5.1743971e-001 -1.7873858e+000
  2.2746698e-001  1.9882025e-001
 -3.0845638e-001 -1.0105324e+000
  4.4526360e-001  5.4225885e-001
 -7.6555377e-001 -3.4640165e+000
 -6.3842323e-001 -2.6088070e+000
 -6.1227108e-001 -2.4731567e+000
 -2.7890311e-001 -6.8127284e-001
 -1.9121255e-001 -4.3369738e-001
 -5.4843978e-001 -1.9505548e+000
  3.3811416e-001  4.0653307e-001
  9.1442569e-001  7.6230883e-001
 -1.3666974e-001 -2.4616192e-001
  6.0762842e-001  4.7639999e-001
  5.9637839e-001  6.0959152e-001
  9.9048203e-001  1.1449234e+000
 -5.7639120e-001 -2.2051262e+000
 -3.4196230e-001 -1.0473496e+000
  5.2468369e-001  5.7155705e-001
  5.1351899e-001  4.4616057e-001
  9.2255317e-001  8.3126425e-001
  1.3978466e-001  1.1510488e-001
  2.1701224e-001  2.1994201e-001
 -2.6981556e-001 -7.3428007e-001
 -3.1290487e-001 -8.2121050e-001
  1.9997591e-001  3.5597561e-001
  5.1258042e-002  1.4227324e-001
 -3.0066962e-002 -8.0116580e-002
  3.1130060e-001  4.9222123e-001
 -9.2349602e-001 -4.5923440e+000
 -6.2015446e-001 -2.5131509e+000
  8.5749056e-001  7.8484050e-001
  1.6595941e-001  1.8743486e-001
 -9.6917917e-001 -5.0858061e+000
 -4.1264941e-001 -1.2948937e+000
 -9.0947964e-001 -4.5854923e+000
  5.8946306e-001  4.9923430e-001
  4.2273194e-001  5.0270879e-001
  7.2722536e-002  9.2960261e-002
  1.7358930e-001  2.5005534e-001
 -5.7810527e-001 -2.3392099e+000
 -1.7216998e-001 -3.7136548e-001
  3.1641327e-002  8.8383428e-002
  6.7666975e-001  4.8070081e-001
  3.1982128e-001  3.1955654e-001
 -3.7647837e-002 -1.2381178e-001
  7.0552941e-001  4.8015985e-001
 -3.6943759e-002 -1.4794256e-001
 -4.5540825e-001 -1.6627198e+000
  4.6239142e-001  3.4077239e-001
  9.3893853e-001  9.6264932e-001
 -2.4875481e-001 -6.0433531e-001
 -5.2279979e-001 -1.9380909e+000
 -5.1459050e-001 -1.9248307e+000
 -9.6212120e-001 -5.0207219e+000
  9.6530636e-001  1.0438596e+000
  6.0523905e-001  4.5270548e-001
  1.2697053e-001  2.2563076e-001
 -2.2234195e-001 -6.4657156e-001
  3.0505683e-001  4.8279991e-001
  9.8741632e-001  1.0656145e+000
  4.2753165e-001  5.3639018e-001
 -7.9526603e-001 -3.5474718e+000
 -1.0542226e-001 -1.3199453e-001
  3.8558958e-001  4.1996592e-001
 -3.3408817e-001 -1.0942947e+000
  8.4349770e-001  6.4600652e-001
  2.6498198e-001  3.2180428e-001
  8.6437091e-001  7.9802116e-001
 -1.4815960e-001 -2.5412011e-001
 -3.9902073e-001 -1.1837362e+000
  7.7805741e-001  7.4142950e-001
 -9.6525241e-001 -5.0706562e+000
 -7.0388975e-001 -3.0479497e+000
  9.1832471e-001  9.8421100e-001
  4.2893890e-001  4.5412617e-001
 -3.8706656e-001 -1.2451232e+000
  6.5619234e-001  5.0493940e-001
  6.1578373e-001  5.6135635e-001
  8.1851012e-001  6.3796281e-001
  2.8562595e-001  4.6711566e-001
  2.5737104e-001  3.9428480e-001
 -7.6305784e-001 -3.3530915e+000
  8.3794472e-001  7.4136118e-001
  2.4796215e-001  4.4634189e-001
 -4.8483019e-001 -1.6269696e+000
  9.0260713e-001  7.6070954e-001
 -9.0758848e-001 -4.4214460e+000
 -9.5814572e-001 -4.8908503e+000
 -8.2389975e-001 -3.9243663e+000
  3.5685709e-002  1.5299217e-001
  7.5732756e-001  7.4842649e-001
 -1.9564181e-001 -4.5513575e-001
  1.2264665e-001  2.1585445e-001
  1.9631169e-001  2.0316491e-001
 -8.4989829e-001 -3.9584296e+000
 -2.1702000e-001 -4.9259514e-001
 -2.9002975e-001 -7.2998654e-001
 -5.1042201e-001 -1.8011490e+000
 -7.8394338e-001 -3.6303926e+000
 -7.7542160e-001 -3.4658494e+000
 -4.6559091e-001 -1.6639808e+000
 -4.6721525e-001 -1.5908773e+000
  8.7216256e-001  7.4806114e-001
 -6.2764614e-001 -2.5230865e+000
  1.4870191e-002  8.5872201e-002
 -7.0481157e-001 -2.9699520e+000
  8.4140007e-001  7.2424121e-001
  8.5892253e-001  6.9365089e-001
 -7.2649717e-001 -3.2911121e+000
  7.4313842e-001  5.3188073e-001
 -9.7528979e-001 -4.9743022e+000
  4.4407221e-001  4.8044916e-001
  7.5717060e-001  6.7262097e-001
 -2.2510659e-001 -7.1366426e-001
 -5.0713911e-001 -1.8960325e+000
 -7.7655289e-001 -3.6301968e+000
  6.9356228e-001  5.0191399e-001
  3.1931802e-001  2.8955934e-001
  5.5932441e-001  4.1536701e-001
 -2.8287463e-001 -9.0449969e-001
 -6.3172918e-001 -2.6084451e+000
 -9.7964089e-001 -5.2246110e+000
 -8.2817043e-001 -3.8515889e+000
 -3.4106559e-001 -9.2657001e-001
 -3.9833969e-001 -1.3517114e+000
  1.3142321e-002  4.9413821e-002
 -2.2678941e-001 -6.1629579e-001
  8.7459277e-001  7.2317415e-001
 -6.8091754e-001 -2.9423016e+000
  5.5941986e-001  4.2860864e-001
 -6.4507545e-001 -2.5339331e+000
  6.1058699e-001  5.2674456e-001
  1.2476762e-001  2.7462380e-001
 -5.9850469e-002 -2.0323860e-001
 -2.8077672e-001 -8.5915874e-001
 -2.5645118e-001 -6.2047170e-001
 -2.3425493e-001 -6.2780106e-001
 -4.8738654e-001 -1.6061548e+000
  9.4407581e-001  8.6296432e-001
  3.2112905e-001  4.9670220e-001
  1.0573121e-002 -7.8278194e-003
 -6.0395854e-001 -2.3944051e+000
 -7.9123167e-001 -3.6698205e+000
  7.7682669e-001  5.7673967e-001
 -2.7408007e-001 -6.9281052e-001
 -9.2572786e-002 -2.8274753e-001
 -8.7041272e-001 -4.1534516e+000
  7.0152426e-001  5.6698138e-001
 -4.4113404e-001 -1.5070035e+000
  8.2383924e-001  7.2972629e-001
 -8.8045965e-001 -4.3284580e+000
  2.3193265e-001  2.0185842e-001
  1.2788647e-001  2.4713130e-001
  3.3653963e-001  3.3979335e-001
 -3.2911406e-001 -9.6174349e-001
 -9.2441145e-001 -4.6951825e+000
